# NGC Messier l b [Fe/H]  Fit Distance Fit Age rcut rclus Amplitude MeanOffset Sigma
NGC 4147 ··· 252.85 77.19 -1.58 19.3 11.2 0.07 0.08 0.560510000992          0.0238512274979         0.211202505221
NGC 5024 M53 332.96 79.76 -1.89 18.7 12.6 0.25 0.30 0.499648711568          -0.151389117417         0.280577673919
NGC 5053 ··· 335.70 78.95 -2.302 18.5 11.2 0.14 0.17   0.491416441163          0.255060235448         0.311998720275
NGC 5272 M3 42.22 78.71 -1.43 10.4 11.9 0.30 0.40   0.872861113075          0.274737365947         0.361812171435
NGC 5466 ··· 42.15 73.59 -2.14 15.6 13.5 0.18 0.25   0.556759380604          -0.0807186260387         0.0884024604958
NGC 5904 M5 3.86 46.80 -1.17 8.0 9.5 0.21 0.28   4.81969822008          -0.170844060413         0.352524937282
NGC 6205 M13 59.01 40.91 -1.42 7.7 12.5 0.24 0.33    1.98550706065          0.164499901962         0.310385581246
NGC 6341 M92 68.34 34.86 -2.17 8.7 13.2 0.135 0.20   0.840879769276          0.223937159181         0.282607963109
NGC 7078 M15 65.01 -27.31 -2.04 11.0 11.0 0.19 0.25   0.601712259078          0.251520457229         0.306562117051
NGC 7089 M2 53.37 -35.77 -1.38 11.5 12.4 0.14 0.18   1.94782024694          0.232964169866         0.326873534045
Pal 5 ··· 0.85 45.86 -1.24 21.0 11.6 0.087 0.12   0.904456624617          -0.144307520428         0.28382087332
