# Table 2, De Angeli 2005
#Observational Parameters and NAs for the HUBBLE SPACE TELESCOPE Snapshot Data
#ID [Fe/H]ZW [Fe/H]CG rGC( F555W) TO Æ  ( F555W) HB Æ  ÁF555WTO-HB Æ  (ZW) Age Æ Error (CG) Age Æ Error  
#(1) (2) (3) (4) (5) (6) (7) (8) (9) (10) (11) (12) (13) (14)
IC 4499...................... -1.50 -1.29 15.7 21.26 0.11 17.75 0.03 3.51 0.11 1.02 0.11 1.01 0.12
NGC 104................... -0.71 -0.78 7.4 17.63 0.06 14.10 0.03 3.53 0.06 0.97 0.07 0.99 0.07
NGC 362................... -1.33 -1.09 9.3 18.75 0.07 15.50 0.03 3.25 0.08 0.74 0.06 0.74 0.06
NGC 1261................. -1.32 -1.08 18.2 20.11 0.05 16.85 0.03 3.26 0.06 0.75 0.05 0.75 0.05
NGC 1851................. -1.23 -1.03 16.7 19.49 0.03 16.15 0.03 3.34 0.05 0.80 0.05 0.81 0.04
NGC 1904................. -1.67 -1.37 18.8 19.61 0.08 16.25 0.03 3.36 0.09 0.90 0.08 0.87 0.08
NGC 2808................. -1.36 -1.11 11.0 19.63 0.09 16.35 0.03 3.28 0.10 0.77 0.08 0.76 0.08
NGC 3201................. -1.53 -1.24 9.0 18.08 0.04 14.85 0.03 3.23 0.05 0.77 0.04 0.73 0.04
NGC 4147................. -1.77 -1.50 21.3 20.46 0.09 16.98 0.03 3.48 0.09 1.03 0.08 1.01 0.09
NGC 4372................ -2.03 -1.88 7.1 18.94 0.05 15.58 0.03 3.36 0.06 0.98 0.05 0.98 0.05
NGC 4590................. -2.11 -2.00 10.1 19.04 0.06 15.73 0.03 3.31 0.07 0.92 0.06 0.93 0.06
NGC 4833................. -1.92 -1.71 6.9 19.14 0.05 15.70 0.03 3.44 0.06 1.01 0.05 1.00 0.06
NGC 5024................. -2.04 -1.86 18.8 20.27 0.08 16.83 0.03 3.44 0.08 1.02 0.07 1.03 0.07
NGC 5694................. -1.93 -1.74 29.1 22.01 0.08 18.53 0.03 3.48 0.08 1.05 0.07 1.05 0.07
NGC 5824................. -1.85 -1.60 25.8 21.98 0.03 18.53 0.03 3.45 0.04 1.01 0.04 1.00 0.04
NGC 5904.................. -1.38 -1.12 6.2 18.49 0.07 15.15 0.03 3.34 0.08 0.83 0.07 0.81 0.07
NGC 5927............... -0.32 -0.64 4.5 20.25 0.05 16.79 0.03 3.46 0.06 0.94 0.06 0.92 0.06
NGC 5946................. -1.39 -1.22 7.4 21.01 0.15 17.60 0.03 3.41 0.15 0.90 0.14 0.89 0.15
NGC 5986................. -1.65 -1.35 4.8 20.08 0.05 16.70 0.03 3.38 0.06 0.91 0.05 0.88 0.06
NGC 6171................. -1.09 -0.95 3.3 19.23 0.07 15.70 0.03 3.53 0.07 0.98 0.07 0.99 0.08
NGC 6218................. -1.40 -1.14 4.5 18.25 0.07 14.80 0.03 3.45 0.08 0.94 0.08 0.92 0.08
NGC 6235................. -1.46 -1.18 2.9 20.41 0.14 17.00 0.03 3.41 0.15 0.91 0.14 0.89 0.15
NGC 6266................. -1.23 -1.02 1.7 19.76 0.05 16.30 0.03 3.46 0.06 0.92 0.06 0.92 0.06
NGC 6273 ............... -1.80 -1.53 1.6 19.95 0.04 16.55 0.03 3.40 0.05 0.96 0.03 0.93 0.04
NGC 6284................. -1.24 -1.13 6.9 20.90 0.04 17.50 0.03 3.40 0.04 0.86 0.04 0.87 0.05
NGC 6287................. -2.07 -1.91 1.7 20.59 0.11 17.13 0.03 3.46 0.12 1.05 0.11 1.06 0.11
NGC 6342................. -0.66 -0.69 1.7 20.55 0.05 17.07 0.03 3.48 0.06 0.92 0.07 0.94 0.07
NGC 6362................. -1.18 -0.99 5.3 18.88 0.03 15.42 0.03 3.46 0.04 0.91 0.04 0.92 0.04
NGC 6544 ............... -1.48 -1.20 5.4 18.58 0.09 15.25 0.03 3.33 0.09 0.84 0.08 0.81 0.09
NGC 6584................. -1.51 -1.30 7.0 19.94 0.10 16.60 0.03 3.34 0.10 0.85 0.09 0.83 0.09
NGC 6637................. -0.72 -0.78 1.6 19.50 0.09 16.04 0.03 3.46 0.09 0.89 0.10 0.91 0.10
NGC 6652................. -0.99 -0.97 2.4 19.52 0.06 16.06 0.03 3.46 0.07 0.89 0.07 0.92 0.07
NGC 6681................. -1.64 -1.35 2.1 19.15 0.10 15.75 0.03 3.40 0.10 0.93 0.09 0.91 0.10
NGC 6717................. -1.33 -1.09 2.3 19.24 0.07 15.80 0.03 3.44 0.08 0.92 0.08 0.91 0.08
NGC 6723................. -1.12 -0.96 2.6 19.06 0.11 15.55 0.03 3.51 0.11 0.96 0.11 0.97 0.12
NGC 6838................. -0.58 -0.73 6.7 18.01 0.05 14.54 0.03 3.47 0.06 0.91 0.06 0.92 0.06
NGC 6934................. -1.54 -1.32 14.3 20.28 0.06 16.95 0.03 3.33 0.07 0.85 0.06 0.83 0.06
NGC 6981................. -1.50 -1.21 12.9 20.22 0.08 16.90 0.03 3.32 0.08 0.83 0.07 0.80 0.08
NGC 7078................. -2.13 -2.02 10.4 19.21 0.09 15.88 0.04 3.33 0.10 0.94 0.08 0.95 0.08
NGC 7089................. -1.61 -1.31 10.4 19.44 0.10 16.03 0.03 3.41 0.11 0.94 0.10 0.91 0.11
NGC 7099................. -2.05 -1.92 7.1 18.73 0.05 15.23 0.03 3.50 0.05 1.08 0.06 1.10 0.06

# TABLE 3 - Observational Parameters and NAs for the Ground-based Data
NGC 104.................. -0.71 -0.78 7.4 17.65 0.08 14.10 0.03 3.55 0.08 1.00 0.10 1.02 0.10
NGC 288.................. -1.40 -1.14 12.0 18.92 0.04 15.48 0.03 3.45 0.05 0.94 0.05 0.92 0.05
NGC 362.................. -1.33 -1.09 9.3 18.84 0.09 15.57 0.03 3.27 0.09 0.76 0.08 0.76 0.07
NGC 1261................ -1.32 -1.08 18.2 19.98 0.06 16.74 0.03 3.24 0.07 0.74 0.05 0.74 0.05
NGC 1851................ -1.23 -1.03 16.7 19.58 0.07 16.23 0.03 3.35 0.07 0.81 0.07 0.82 0.07
NGC 1904................ -1.67 -1.37 18.8 19.62 0.09 16.25 0.03 3.37 0.10 0.91 0.09 0.88 0.09
NGC 2808................ -1.36 -1.11 11.0 19.61 0.07 16.36 0.03 3.25 0.07 0.75 0.06 0.74 0.05
NGC 3201................ -1.53 -1.24 9.0 18.11 0.05 14.83 0.03 3.28 0.06 0.80 0.05 0.77 0.05
NGC 4590................ -2.11 -2.00 10.1 19.05 0.07 15.74 0.03 3.31 0.07 0.93 0.07 0.94 0.07
NGC 5053................ -2.10 -1.98 16.8 20.00 0.06 16.64 0.03 3.37 0.07 0.99 0.05 1.01 0.05
NGC 5272................ -1.66 -1.34 12.2 19.00 0.04 15.76 0.03 3.24 0.05 0.80 0.04 0.76 0.04
NGC 5466................ -2.22 -2.20 16.2 19.89 0.07 16.50 0.03 3.39 0.07 1.01 0.06 1.03 0.06
NGC 5897................ -1.93 -1.73 7.3 19.77 0.07 16.32 0.03 3.46 0.08 1.04 0.07 1.04 0.07
NGC 5904................ -1.38 -1.12 6.2 18.47 0.03 15.12 0.03 3.34 0.04 0.83 0.04 0.81 0.04
NGC 6093................ -1.75 -1.47 3.8 19.77 0.07 16.35 0.03 3.42 0.08 0.97 0.07 0.95 0.08
NGC 6121................ -1.27 -1.05 5.9 16.87 0.03 13.43 0.03 3.44 0.04 0.91 0.04 0.91 0.04
NGC 6171................ -1.09 -0.95 3.3 19.17 0.06 15.68 0.03 3.48 0.07 0.93 0.07 0.95 0.07
NGC 6205................ -1.63 -1.33 8.7 18.53 0.06 15.01 0.03 3.52 0.07 1.05 0.07 1.02 0.07
NGC 6218................ -1.40 -1.14 4.5 18.31 0.07 14.84 0.05 3.48 0.09 0.97 0.08 0.95 0.09
NGC 6254................ -1.55 -1.25 4.6 18.48 0.05 15.11 0.05 3.37 0.07 0.89 0.06 0.86 0.07
NGC 6341................ -2.24 -2.16 9.6 18.64 0.06 15.18 0.03 3.47 0.07 1.08 0.06 1.10 0.06
NGC 6362................ -1.18 -0.99 5.3 18.86 0.08 15.43 0.03 3.43 0.08 0.88 0.09 0.89 0.09
NGC 6366................ -0.58 -0.73 5.0 19.14 0.06 15.70 0.03 3.44 0.07 0.89 0.07 0.90 0.07
NGC 6397................ -1.94 -1.76 6.0 16.44 0.04 13.03 0.03 3.41 0.05 1.00 0.03 0.99 0.05
NGC 6681................ -1.64 -1.35 2.1 19.21 0.09 15.82 0.05 3.39 0.10 0.92 0.10 0.90 0.10
NGC 6723................ -1.12 -0.96 2.6 19.07 0.09 15.53 0.03 3.54 0.09 0.99 0.10 1.01 0.10
NGC 6752................ -1.54 -1.24 5.2 17.45 0.08 13.91 0.05 3.53 0.09 1.05 0.10 1.03 0.10
NGC 6809................ -1.80 -1.54 3.9 17.93 0.12 14.44 0.03 3.49 0.12 1.05 0.12 1.04 0.13
NGC 6838................ -0.58 -0.73 6.7 18.01 0.06 14.52 0.03 3.49 0.07 0.95 0.08 0.95 0.08
NGC 7078................ -2.13 -2.02 10.4 19.24 0.06 15.89 0.03 3.35 0.07 0.97 0.06 0.98 0.06

