# Table 4 - Marin-Franch 2009
#Name [M/H]ZW [M/H]CG MF_{606W}^{TO} D07ZW D07CG P04CG B94CG G00CG Group
NGC 0104 -0.57 -0.64 4.13 0.07 0.96 0.07 1.02 0.07 1.07 0.08 1.02 0.07 1.05 0.09 Old
NGC 0288 -1.18 -0.92 3.82 0.04 0.88 0.04 0.83 0.03 0.83 0.03 0.82 0.03 0.83 0.03 Young
NGC 0362 -1.11 -0.87 3.81 0.05 0.84 0.04 0.81 0.04 0.80 0.04 0.81 0.04 0.81 0.05 Young
NGC 1261 -1.10 -0.86 3.80 0.05 0.83 0.04 0.80 0.04 0.79 0.04 0.80 0.04 0.79 0.05 Young
NGC 1851 -1.01 -0.81 3.79 0.05 0.80 0.04 0.78 0.04 0.77 0.04 0.78 0.04 0.75 0.04 Young
NGC 2298 -1.69 -1.49 3.80 0.05 1.01 0.05 0.99 0.05 0.99 0.05 0.99 0.05 0.99 0.05 Old
NGC 2808 -1.14 -0.89 3.86 0.03 0.91 0.03 0.85 0.03 0.85 0.03 0.85 0.03 0.85 0.02 Young
NGC 3201 -1.31 -1.02 3.75 0.04 0.86 0.03 0.80 0.03 0.79 0.03 0.80 0.02 0.81 0.03 Young
NGC 4147 -1.55 -1.28 3.74 0.04 0.93 0.04 0.89 0.04 0.88 0.04 0.89 0.04 0.89 0.03 Young
NGC 4590 -1.89 -1.78 3.61 0.05 0.89 0.03 0.90 0.04 0.89 0.04 0.90 0.04 0.91 0.04 Old
NGC 4833 -1.70 -1.49 3.80 0.05 1.01 0.05 0.98 0.05 0.98 0.04 0.98 0.05 0.98 0.05 Old
NGC 5024 -1.82 -1.64 3.76 0.05 1.01 0.05 0.99 0.05 0.99 0.04 1.00 0.05 0.99 0.05 Old
NGC 5053 -1.88 -1.76 3.69 0.05 0.95 0.04 0.96 0.04 0.97 0.04 0.96 0.05 0.96 0.04 Old
NGC 5139 -1.37 -1.13 3.82 0.05 0.94 0.05 0.90 0.05 0.89 0.05 0.90 0.05 0.89 0.05 Young
NGC 5272 -1.44 -1.12 3.83 0.04 0.96 0.04 0.89 0.04 0.88 0.04 0.90 0.03 0.89 0.04 Young
NGC 5286 -1.48 -1.19 3.89 0.05 1.04 0.04 0.98 0.04 0.98 0.05 0.97 0.05 0.98 0.05 Old
NGC 5466 -2.00 -1.98 3.74 0.05 1.03 0.05 1.06 0.05 1.06 0.06 1.08 0.03 1.07 0.05 Old
NGC 5904 -1.16 -0.90 3.83 0.03 0.88 0.03 0.83 0.03 0.83 0.03 0.83 0.03 0.83 0.02 Young
NGC 5927 -0.18 -0.50 4.15 0.07 0.88 0.06 0.99 0.07 1.03 0.08 0.98 0.07 1.01 0.11 Old
NGC 5986 -1.43 -1.13 3.88 0.05 1.01 0.04 0.95 0.04 0.94 0.05 0.93 0.04 0.95 0.05 Old
NGC 6093 -1.53 -1.25 3.87 0.05 1.03 0.04 0.98 0.04 0.98 0.05 0.97 0.05 0.98 0.05 Old
NGC 6101 -1.73 -1.54 3.78 0.04 1.00 0.04 0.98 0.04 0.98 0.04 0.98 0.04 0.98 0.04 Old
NGC 6121 -1.05 -0.83 4.01 0.05 1.02 0.05 0.98 0.05 0.99 0.07 0.97 0.05 0.98 0.05 Old
NGC 6144 -1.71 -1.52 3.88 0.05 1.10 0.05 1.08 0.05 1.07 0.06 1.05 0.05 1.07 0.05 Old
NGC 6171 -0.87 -0.81 4.14 0.05 1.08 0.05 1.09 0.06 1.11 0.06 1.07 0.06 1.13 0.08 Old
NGC 6205 -1.41 -1.11 3.84 0.04 0.97 0.04 0.91 0.04 0.90 0.04 0.90 0.02 0.90 0.04 Young
NGC 6218 -1.18 -0.92 3.99 0.04 1.05 0.04 0.99 0.03 1.00 0.05 0.99 0.04 0.99 0.03 Old
NGC 6254 -1.33 -1.03 3.86 0.04 0.96 0.04 0.89 0.04 0.88 0.04 0.90 0.03 0.88 0.04 Young
NGC 6304 -0.24 -0.52 4.19 0.07 0.93 0.06 1.06 0.08 1.09 0.09 1.05 0.07 1.09 0.10 Old
NGC 6341 -2.02 -1.94 3.72 0.04 1.02 0.04 1.03 0.04 1.03 0.05 1.05 0.04 1.03 0.05 Old
NGC 6352 -0.36 -0.56 4.13 0.07 0.90 0.06 0.99 0.07 1.03 0.08 0.99 0.07 1.02 0.10 Old
NGC 6362 -0.96 -0.85 4.09 0.05 1.06 0.05 1.06 0.05 1.08 0.05 1.04 0.03 1.07 0.06 Old
NGC 6366 -0.44 -0.59 4.16 0.12 0.95 0.07 1.04 0.13 1.08 0.16 1.04 0.13 1.07 0.18 Old
NGC 6388 -0.60 -0.63 4.05 0.08 0.90 0.07 0.94 0.08 0.95 0.10 0.92 0.07 0.94 0.10 Old
NGC 6397 -1.72 -1.54 3.79 0.04 1.01 0.04 0.99 0.04 0.99 0.04 0.99 0.04 0.99 0.04 Old
NGC 6441 -0.45 -0.46 4.04 0.08 0.85 0.06 0.88 0.07 0.90 0.07 0.88 0.05 0.85 0.09 Old
NGC 6496 -0.36 -0.56 4.11 0.07 0.88 0.06 0.97 0.07 1.00 0.09 0.95 0.07 0.98 0.10 Old
NGC 6535 -1.56 -1.29 3.68 0.11 0.87 0.04 0.82 0.09 0.82 0.09 0.81 0.09 0.83 0.08 Young 
NGC 6541 -1.57 -1.31 3.88 0.04 1.06 0.04 1.01 0.04 1.02 0.04 1.00 0.03 1.01 0.04 Old
NGC 6584 -1.32 -1.10 3.82 0.03 0.92 0.03 0.88 0.03 0.87 0.03 0.89 0.03 0.87 0.03 Young
NGC 6624 -0.36 -0.56 4.12 0.07 0.89 0.06 0.98 0.07 1.01 0.08 0.98 0.07 1.00 0.10 Old
NGC 6637 -0.58 -0.64 4.13 0.07 0.96 0.07 1.02 0.07 1.07 0.08 1.02 0.07 1.05 0.09 Old
NGC 6652 -0.75 -0.76 4.07 0.06 0.97 0.06 1.01 0.06 1.03 0.08 1.01 0.06 1.03 0.08 Old
NGC 6656 -1.53 -1.27 3.87 0.05 1.03 0.05 0.99 0.05 0.99 0.05 0.98 0.05 0.98 0.05 Old
NGC 6681 -1.42 -1.13 3.93 0.04 1.07 0.04 1.00 0.04 1.01 0.04 1.00 0.03 1.01 0.04 Old
NGC 6715 -1.32 -1.03 3.79 0.03 0.90 0.03 0.84 0.03 0.83 0.03 0.83 0.04 0.84 0.02 Young
NGC 6717 -1.11 -0.87 4.06 0.05 1.09 0.05 1.03 0.05 1.07 0.05 1.03 0.04 1.04 0.06 Old
NGC 6723 -0.90 -0.82 4.07 0.05 1.02 0.05 1.02 0.05 1.06 0.05 1.02 0.04 1.04 0.06 Old
NGC 6752 -1.32 -1.02 3.88 0.03 0.98 0.03 0.92 0.04 0.91 0.03 0.91 0.02 0.92 0.04 Young
NGC 6779 -1.72 -1.50 3.89 0.05 1.10 0.05 1.07 0.05 1.06 0.06 1.05 0.04 1.06 0.04 Old
NGC 6809 -1.58 -1.32 3.83 0.04 1.01 0.04 0.96 0.04 0.96 0.05 0.95 0.04 0.96 0.05 Old
NGC 6838 -0.44 -0.59 4.19 0.07 0.98 0.08 1.07 0.08 1.10 0.10 1.06 0.08 1.11 0.10 Old
NGC 6934 -1.32 -1.10 3.81 0.04 0.91 0.04 0.87 0.04 0.86 0.04 0.88 0.04 0.86 0.03 Young
NGC 6981 -1.28 -0.99 3.82 0.03 0.91 0.02 0.85 0.02 0.84 0.02 0.85 0.03 0.85 0.02 Young
NGC 7078 -1.91 -1.80 3.74 0.05 1.00 0.04 1.01 0.04 1.01 0.04 1.02 0.04 1.01 0.04 Old
NGC 7089 -1.39 -1.09 3.86 0.04 0.98 0.04 0.92 0.04 0.91 0.04 0.91 0.03 0.92 0.05 Young
NGC 7099 -1.83 -1.70 3.76 0.05 1.01 0.04 1.01 0.05 1.01 0.04 1.01 0.04 1.01 0.04 Old
ARP 2    -1.52 -1.23 3.74 0.07 0.91 0.06 0.85 0.06 0.84 0.06 0.84 0.06 0.85 0.05 Young
E3       -0.66 -0.69 4.09 0.11 0.95 0.05 1.00 0.11 1.02 0.13 1.00 0.10 1.02 0.15 Old
LYNGÅ7   -0.48 -0.50 4.27 0.12 1.09 0.08 1.13 0.14 1.18 0.14 1.10 0.15 1.19 0.18 Old
PAL 1    -0.46 -0.56 3.59 0.14 0.54 0.06 0.57 0.09 0.59 0.05 0.63 0.07 0.55 0.10 Young
PAL 12   -0.68 -0.69 3.73 0.11 0.67 0.04 0.69 0.09 0.69 0.08 0.72 0.07 0.68 0.07 Young
TERZAN7  -0.44 -0.42 3.63 0.07 0.55 0.04 0.57 0.04 0.57 0.05 0.63 0.04 0.51 0.05 Young
TERZAN8  -1.75 -1.58 3.73 0.05 0.96 0.04 0.95 0.04 0.95 0.04 0.94 0.05 0.95 0.04 Old
