#  Newby - Metal, Dist, Age, Offset, hessian error
#  Dotter - Metal (ZW), Age, age error, DM
#  MF - Metal(ZW), Metal(CG), Age(ZW), Age(CG), errors(ZW), error(CG), old/young
#  DA - Metal(ZW), Metal(CG), r(GC), Age(ZW), Age(CG), Age Err(ZW), Age Err(CG)
#  Harris - distance (sun)
* - NGC 4147
 -1.58        19.3         11.2          0.02385123   0.7824
 -1.7   12.75   0.75	16.48
 -1.55   -1.28   11.904  11.392   0.512   0.512   1.     
 -1.77   -1.5    21.3    11.536  11.009   0.896   0.981  
 19.3
* - NGC 5024
 -1.89        18.7         12.6         -0.15138912   1.2737
 -2.    13.25   0.5	16.43
 -1.82   -1.64   12.928  12.672   0.64    0.64    2.   
 -2.04   -1.86   18.8    11.424  11.227   0.784   0.763
 17.9
* - NGC 5053
 -2.302       18.5         11.2          0.25506024   1.1001
 -2.4   13.5    0.75	16.32
 -1.88   -1.76   12.16   12.288   0.512   0.512   2.   
 -2.1    -1.98   16.8    11.088  11.009   0.56    0.545
 17.4
* - NGC 5272
 -1.43        10.4         11.9          0.27473737   1.1027
 -1.6  12.5   0.5	15.08
 -1.44   -1.12   12.288  11.392   0.512   0.512   1.   
 -1.66   -1.34   12.2     8.96    8.284   0.448   0.436
 10.2
* - NGC 5466
 -2.14        15.6         13.5         -0.08071863   0.8925
 -2.1   13.     0.75	16.12
 -2.     -1.98   13.184  13.568   0.64    0.64    2.   
 -2.22   -2.2    16.2    11.312  11.227   0.672   0.654
 16.0
* - NGC 5904
-1.17        8.          9.5        -0.17084406  0.0882	
 -1.3   12.25   0.75	14.38
 -1.16   -0.9    11.264  10.624   0.384   0.384   1.   
-1.38  -1.12   6.2    9.296  8.829  0.784  0.763
 7.5
* - NGC 6205
 -1.42         7.7         12.5          0.1644999    0.209
 -1.6  13.    0.5	14.47
 -1.41   -1.11   12.416  11.648   0.512   0.512   1.   
 -1.63   -1.33    8.7    11.76   11.118   0.784   0.763
 7.1
* - NGC 6341
 -2.17         8.7         13.2          0.22393716   0.8848
 -2.4   13.25   1.	14.80
 -2.02   -1.94   13.056  13.184   0.512   0.512   2.   
 -2.24   -2.16    9.6    12.096  11.99    0.672   0.654
 8.3
* - NGC 7078
 -2.04        11.          11.           0.25152046   0.8848
 -2.4   13.25   1.	15.40  
 -1.91   -1.8    12.8    12.928   0.512   0.512   2.   
 -2.13   -2.02   10.4    10.528  10.355   0.896   0.872
 10.4
* - NGC 7089
 -1.38        11.5         12.4          0.23296417   0.3185
 -1.6   12.5    0.75	15.48
 -1.39   -1.09   12.544  11.776   0.512   0.512   1.   
 -1.61   -1.31   10.4    10.528   9.919   1.12    1.199
 11.5
* - Pal 5 : only Newby and Harris
 -1.24  21.0  11.6 -0.144307520428 0.7535
 23.2
