# NGC 4147
11.2 -1.58
12.75 -1.7 0.75
11.392 -1.28 0.512 1.0
11.009 -1.5 0.981
# NGC 5024
12.6 -1.89
13.25 -2.0 0.5
12.672 -1.64 0.64 2.0
11.227 -1.86 0.763
# NGC 5053 - Notable OLD discrepancy
11.2 -2.302
13.5 -2.4 0.75
12.288 -1.76 0.512 2.0
11.009 -1.98 0.545
# NGC 5272
11.9 -1.43
12.5 -1.6 0.5
11.392 -1.12 0.512 1.0
8.284 -1.34 0.436
# NGC 5466
13.5 -2.14
13.0 -2.1 0.75
13.568 -1.98 0.64 2.0
11.227 -2.2 0.654
# NGC 5904
9.5 -1.17
12.25 -1.3 0.75
10.624 -0.9 0.384 1.0
8.829 -1.12 0.763
# NGC 6205
12.5 -1.42
13.0 -1.6 0.5
11.648 -1.11 0.512 1.0
11.118 -1.33 0.763
# NGC 6341
13.2 -2.17
13.25 -2.4 1.0
13.184 -1.94 0.512 2.0
11.99 -2.16 0.654
# NGC 7078 - Notable OLD discrepancy
11.0 -2.04
13.25 -2.4 1.0
12.928 -1.8 0.512 2.0
10.355 -2.02 0.872
# NGC 7089 
12.4 -1.38
12.5 -1.6 0.75
11.776 -1.09 0.512 1.0
9.919 -1.31 1.199
