fit__noF1_7.7
[ 9.70073754 -1.48776525  0.52376552  6.48921251 -0.37794679  1.21958144]
[ 0.58163567  0.03502528  0.08924814  0.77160777  0.34612826  0.09375615]
fit_noG1_60.0
[ 1.33667323 -1.65690949  1.53103069  1.72011858  0.13518534  0.51542711]
[ 0.35064996  1.35098289  0.86358163  0.50661101  0.31904553  0.39806877]
fit_noG1_20.0
[ 5.46340969 -1.44985275  1.24305309  3.29894369  0.32825335  0.22267067]
[ 0.35749427  0.26706707  0.07153279  0.98947107  1.01455024  0.6154581 ]
fit__noG0_7.7
[ 9.77578467 -1.52876608  0.48112589  6.23604414 -0.43157902  1.30087955]
[ 0.28503453  0.0274284   0.03731306  0.32212188  0.11716043  0.06589445]
fit__noF0_7.7
[ 9.45287558 -1.49503393  0.46597269  6.96834332 -0.61286606  1.2208757 ]
[ 0.31381738  0.03140799  0.03550894  0.32439684  0.08383651  0.04957054]
fit_noF0_80.0
[ 1.67853805 -1.61468714  1.74858492  2.33699449 -0.1822756   0.73809456]
[ 0.60564733  1.40996931  0.75355842  0.59212454  0.28136475  0.292859  ]
fit_noF1_30.0
[ 3.05016148 -2.07526368  1.4233337   4.02810338 -0.47118611  0.67281513]
[ 0.68122855  1.07552641  0.41002107  0.91884929  0.14810395  0.22280399]
fit_noF1_15.0
[ 6.9838542  -1.11595918  1.00438817  2.97980033 -3.15581386  1.77243301]
[ 0.27553205  0.08984424  0.00562744  0.41191462  0.80640226  0.22188225]
#[ 7.16255928 -1.34870004  1.1449745  -3.89588573  0.5161929   0.09945619]
#[ 0.14849422  0.043822    0.04078014  0.6847607   0.0483915   0.03415199]
#[ 7.16284432 -1.30149969  1.15680036 -0.08798344  0.7282111   0.73147345]
#[  0.14437006   0.04180084   0.03763576   0.90665061   9.22512074
fit_noF1_20.0
[ 3.81890569 -2.27898899  1.35706788 -5.30308236 -0.75449837  0.83755955]
[ 0.42644137  0.51240703  0.22674618  0.58284108  0.09274914  0.05455846]
fit_noF1_80.0
[ 1.99598911 -0.57927711  0.98840837  0.06341652 -0.26717762  1.27717136]
[  0.25598444   0.25839      0.28445148   0.81814729   7.99331397
fit_noG1_25.0
[ 3.89305352 -1.84885873  1.32771696  3.46422316 -0.2941517   0.65497152]
[ 0.78614588  0.68825602  0.19082797  1.12143876  0.43116482  0.37374505]
fit_noF0_25.0
[ 4.03354719 -1.95341172  1.65567353  4.87879097 -0.52776124  0.7701356 ]
[ 0.58854196  0.51467461  0.26116582  0.58015142  0.13399916  0.13578266]
fit_noG0_25.0
[ 4.83139342 -1.49533885  1.42806498  3.60420381 -0.01840355  0.48298854]
[ 0.28169111  0.17986556  0.10155061  0.47300361  0.19621679  0.16629713]
fit_noG1_80.0
[ 0.91457144 -1.81363948  1.51067993  0.93512257  0.23666298  0.56383846]
[ 0.30937849  1.40447532  1.48940795  0.75483525  0.72498141  0.72052431]
fit_noF0_15.0
[ 7.73997406 -1.23686894  1.2348801   0.04343167  0.35993693  1.69649885]
[  1.39503095e-01   3.95623598e-02   3.68138481e-02   6.84296270e-01
fit_noG1_10.0
[ 9.12963324 -1.48296103  0.77626011  5.0618814   0.35246239  0.43877092]
[ 0.19230671  0.03801591  0.04187055  0.34289935  0.07125195  0.07970331]
fit_noF1_40.0
[ 2.19724407 -2.02718923  1.62807997  3.39912639 -0.4172626   0.63825617]
[ 0.34228826  0.73568178  0.46745514  0.37298478  0.1263922   0.12837995]
fit_noF0_30.0
[ 3.77459927 -1.73201318  1.66569602  4.33140095 -0.35663809  0.65342868]
[ 0.33553851  0.33281032  0.20165423  0.40740904  0.10897077  0.11211456]
fit_noF1_10.0
[ 6.6669592  -1.5067684   0.47896612  7.04127951 -1.10073991  1.2104237 ]
[ 0.53851599  0.0564857   0.06844527  0.46118902  0.06219755  0.0609932 ]
fit__noG1_7.7
[ 9.55443875 -1.54264195  0.42209534  6.85778518 -0.60514348  1.24440675]
[ 0.3058243   0.02617721  0.0301381   0.26637585  0.07921129  0.04737679]
fit_noG0_30.0
[ 3.95553954 -1.60697229  1.61393315  3.7461356  -0.01281776  0.47540686]
[ 0.2454449   0.23252255  0.15932316  0.36535476  0.14870317  0.14252346]
fit_noG0_80.0
[ 1.61585985 -1.1377773   1.89817785  1.59942694  0.28436105  0.43177079]
[ 0.16744023  0.3465846   0.66792931  0.56002497  0.0974479   0.54121371]
fit_noG0_15.0
[ 7.3702102  -1.33694184  1.23912015  4.62335405  0.48754003  0.13851475]
[ 0.14171917  0.04700272  0.0438353   0.59469948  0.04827293  0.03953369]
fit_noG1_15.0
[ 6.84835837 -1.40318368  1.16984501  4.22739361  0.49850033  0.12850885]
[ 0.14788545  0.04876495  0.04682278  0.63266819  0.05248425  0.04723486]
#[ 6.83987078 -1.35678322  1.21252132 -0.0312301   1.09590448  1.09841448]
#[  1.41870034e-01   4.52566244e-02   4.15276266e-02   1.32757354e+00
fit_noF1_60.0
[ 1.5520935  -1.87858818  1.48421479  2.51738482 -0.29330376  0.61873046]
[ 0.41023465  1.19547943  0.68081429  0.46241945  0.18642996  0.17682479]
fit_noF0_10.0
[ 9.68055019 -1.39961903  0.83151646  4.38679198  0.47315413  0.66983249]
[ 0.19621053  0.05758066  0.04885576  0.4836789   0.19477506  0.17363921]
fit_noG0_60.0
[ 1.79535107 -1.9087076   2.30660115  2.25470438 -0.04104668  0.75953481]
[ 0.60976705  2.3061719   1.60968633  0.55443707  0.39251111  0.47908912]
fit_noG0_20.0
[ 6.11855362 -1.29266212  1.33941935  3.8234611   0.47722202  0.14329302]
[ 0.14457001  0.06845604  0.05588632  0.85863515  0.12832717  0.09986891]
fit_noF1_25.0
[ 3.71751825 -1.81030833  1.41831528  4.18695665 -0.5482822   0.6704484 ]
[ 0.42568345  0.33653221  0.17328791  0.49814561  0.12457628  0.11623534]
fit_noG1_40.0
[ 2.28025252 -1.97209249  1.51980457  2.62224074 -0.06191268  0.53440866]
[ 0.25490691  0.61738614  0.38453186  0.42610865  0.1887315   0.20368297]
fit_noF0_20.0
[ 6.45802207 -1.24633789  1.26897043 -3.94774486  0.48104089  0.13731685]
[ 0.14973664  0.06229904  0.05048283  0.78178213  0.1159777   0.08951283]
fit_noF0_60.0
[ 1.98240504 -2.16277661  1.8369185   3.08260298 -0.21882774  0.76244596]
[ 0.75589439  2.45323877  1.05829108  0.696645    0.2488591   0.36095717]
fit_noG1_30.0
[ 3.27913764 -1.85934196  1.35178899  3.03905785 -0.16264685  0.5973635 ]
[ 0.50510307  0.65338093  0.23902146  0.76951998  0.3498189   0.34570376]
fit_noG0_40.0
[ 3.19035729 -1.35847673  1.6204817   3.12631522  0.12548745  0.39490266]
[ 0.21408618  0.24954395  0.19044175  0.40026665  0.13613662  0.12231575]
fit_noG0_10.0
[ 9.5334355  -1.4904053   0.79347354  5.01774928  0.35763952  0.62758919]
[ 0.19998343  0.04917395  0.04487561  0.39157403  0.12334948  0.1307459 ]
fit_noF0_40.0
[ 3.01667009 -1.82000494  1.68750049  3.93622153 -0.24749689  0.65035279]
[ 0.39860832  0.60296796  0.30730977  0.43971189  0.12019547  0.14449751]
