# File generated by CMD 2.3 (http://stev.oapd.inaf.it/cmd) on Tue Aug  9 20:51:53 CEST 2011
# Basic reference: Marigo et al. (2008, A&A 482, 883) 
# but applying the corrections from Case A in Girardi et al. (2010, ApJ 724, 1030) 
#  but see Girardi et al. (2004, A&A 422, 205) for SDSS-specific details
# + Bertelli et al. (1994, A&AS, 106, 275) for the Mi>7.0 Msun interval
# Photometric system: SDSS <i>ugriz</i>
# BCs of Carbon stars derive from Loidl et al. (2001)
# O-rich circumstellar dust ignored
# C-rich circumstellar dust ignored
# IMF: Chabrier (2001) lognormal 
# Kind of output: isochrone tables
#	Isochrone	Z = 0.01000		Age = 	3.981e+06 yr
# log(age/yr)	M_ini   	M_act	logL/Lo	logTe	logG	mbol    u       g       r       i       z	C/O	M_hec	period	pmode	logMdot	int_IMF
	6.60	0.1500000060	0.1500	-2.4676	3.5346	5.1659	10.939	16.675	13.545	12.028	11.071	10.519	0.4787	0.0000	0.0	1	-17.817	1.9609395266
	6.60	0.2000000030	0.2000	-2.1914	3.5560	5.1005	10.249	15.435	12.534	11.090	10.288	9.819	0.4787	0.0000	0.0	1	-17.692	2.2217822075
	6.60	0.2500000000	0.2500	-2.0031	3.5676	5.0554	9.778	14.623	11.902	10.501	9.772	9.339	0.4787	0.0000	0.0	1	-17.573	2.4080901146
	6.60	0.3000000119	0.3000	-1.8535	3.5768	5.0216	9.404	13.996	11.401	10.035	9.363	8.960	0.4787	0.0000	0.0	1	-16.636	2.5475041866
	6.60	0.3499999940	0.3500	-1.7268	3.5848	4.9939	9.087	13.499	10.979	9.645	9.023	8.651	0.4787	0.0000	0.0	1	-15.843	2.6555202007
	6.60	0.4000000060	0.4000	-1.5825	3.5920	4.9365	8.726	12.987	10.530	9.227	8.646	8.299	0.4787	0.0000	0.0	1	-15.157	2.7413372993
	6.60	0.4499999881	0.4500	-1.4616	3.6009	4.9024	8.424	12.492	10.106	8.840	8.321	8.010	0.4787	0.0000	0.0	1	-14.551	2.8109800816
	6.60	0.5000000000	0.5000	-1.3338	3.6115	4.8627	8.104	12.042	9.682	8.464	7.991	7.711	0.4787	0.0000	0.0	1	-14.009	2.8684780598
	6.60	0.5500000119	0.5500	-1.1977	3.6235	4.8161	7.764	11.551	9.222	8.059	7.638	7.394	0.4787	0.0000	0.0	1	-13.519	2.9166350365
	6.60	0.6000000238	0.6000	-1.0679	3.6356	4.7726	7.440	11.033	8.768	7.676	7.299	7.084	0.4787	0.0000	0.0	1	-13.072	2.9573988914
	6.60	0.6999999881	0.7000	-0.7927	3.6674	4.6914	6.752	9.786	7.748	6.850	6.568	6.417	0.4787	0.0000	0.0	1	-12.279	3.0225379467
	6.60	0.8257970214	0.8258	-0.4570	3.7179	4.6294	5.912	8.086	6.512	5.877	5.697	5.622	0.4787	0.0000	0.0	1	-11.525	3.0826864243
	6.60	0.9773910642	0.9774	-0.1127	3.7648	4.5459	5.052	6.603	5.422	4.982	4.875	4.858	0.4787	0.0000	0.0	1	-12.580	3.1344585419
	6.60	1.3742029667	1.3742	0.6159	3.8622	4.3550	3.230	4.312	3.317	3.223	3.269	3.360	0.4787	0.0000	0.0	1	-14.527	3.2136075497
	6.60	1.4742029905	1.4742	0.7540	3.8890	4.3547	2.885	3.952	2.920	2.911	3.003	3.122	0.4787	0.0000	0.0	1	-14.617	3.2262270451
	6.60	1.6000000238	1.6000	0.9080	3.9212	4.3649	2.500	3.563	2.494	2.588	2.735	2.881	0.4787	0.0000	0.0	1	-14.703	3.2395837307
	6.60	1.7257970572	1.7258	1.0480	3.9504	4.3748	2.150	3.207	2.154	2.331	2.517	2.682	0.4787	0.0000	0.0	1	-14.775	3.2506957054
	6.60	1.8386955261	1.8387	1.1541	3.9724	4.3841	1.885	2.940	1.938	2.158	2.366	2.541	0.4787	0.0000	0.0	1	-14.834	3.2591464520
	6.60	1.9257969856	1.9258	1.2450	3.9900	4.3837	1.657	2.715	1.767	2.014	2.236	2.418	0.4787	0.0000	0.0	1	-14.876	3.2648677826
	6.60	2.2000000477	2.2000	1.4617	4.0322	4.3934	1.116	2.187	1.396	1.688	1.935	2.133	0.4787	0.0000	0.0	1	-15.001	3.2793695927
	6.60	2.5000000000	2.5000	1.6713	4.0711	4.3951	0.592	1.693	1.056	1.376	1.637	1.851	0.4787	0.0000	0.0	1	-15.120	3.2908382416
	6.60	3.0000000000	3.0000	1.9650	4.1228	4.3875	-0.142	1.041	0.590	0.936	1.213	1.449	0.4787	0.0000	0.1	1	-13.516	3.3037204742
	6.60	3.5000000000	3.5000	2.2050	4.1639	4.3786	-0.742	0.540	0.215	0.580	0.868	1.121	0.4787	0.0000	0.1	1	-13.449	3.3120026588
	6.60	4.0000000000	4.0000	2.4077	4.1980	4.3702	-1.249	0.135	-0.100	0.281	0.578	0.843	0.4787	0.0000	0.1	1	-13.391	3.3176128864
	6.60	4.5000000000	4.5000	2.5832	4.2272	4.3630	-1.688	-0.207	-0.372	0.023	0.328	0.603	0.4787	0.0000	0.1	1	-13.339	3.3215744495
	6.60	5.0000000000	5.0000	2.7411	4.2532	4.3549	-2.083	-0.512	-0.619	-0.211	0.101	0.384	0.4787	0.0000	0.1	1	-13.294	3.3244650364
	6.60	6.0000000000	6.0000	3.0139	4.2956	4.3305	-2.765	-1.047	-1.063	-0.635	-0.311	-0.016	0.4787	0.0000	0.1	1	-13.215	3.3282895088
	6.60	7.0000000000	7.0000	3.2438	4.3310	4.3092	-3.340	-1.498	-1.443	-0.998	-0.665	-0.359	0.4787	0.0000	0.1	1	-13.148	3.3306136131
	6.60	8.5608377457	8.5608	3.5447	4.3733	4.2651	-4.092	-2.106	-1.968	-1.506	-1.161	-0.843	0.4787	0.0000	0.1	1	-13.060	3.3327298164
	6.60	9.0000000000	9.0000	3.6211	4.3843	4.2543	-4.283	-2.259	-2.101	-1.635	-1.288	-0.966	0.4787	0.0000	0.1	1	-13.038	3.3331298828
	6.60	14.2260894775	14.2033	4.2804	4.4743	4.1530	-5.931	-3.620	-3.310	-2.805	-2.437	-2.092	0.4787	0.0000	0.1	1	-12.840	3.3353080750
	6.60	16.7692108154	16.7227	4.5040	4.5010	4.1075	-6.490	-4.102	-3.752	-3.238	-2.866	-2.516	0.4787	0.0000	0.1	1	-12.769	3.3356728554
	6.60	18.7101497650	18.6386	4.6584	4.5173	4.0654	-6.876	-4.430	-4.060	-3.542	-3.171	-2.818	0.4787	0.0000	0.1	1	-12.722	3.3358457088
	6.60	23.5371303558	23.3082	4.9407	4.5422	3.9797	-7.582	-5.024	-4.629	-4.108	-3.741	-3.385	0.4787	0.0000	0.2	1	-12.625	3.3360846043
	6.60	27.4202995300	26.9584	5.1330	4.5519	3.8893	-8.062	-5.453	-5.051	-4.529	-4.163	-3.805	0.4787	0.0000	0.2	1	-12.562	3.3361804485
	6.60	29.1402378082	28.4990	5.2025	4.5534	3.8501	-8.236	-5.617	-5.215	-4.692	-4.327	-3.969	0.4787	0.0000	0.2	1	-12.538	3.3362088203
	6.60	35.3707046509	33.7261	5.4265	4.5393	3.6429	-8.796	-6.253	-5.861	-5.340	-4.972	-4.616	0.4787	0.0000	0.4	1	-12.465	3.3362736702
	6.60	37.4202995300	35.3045	5.4922	4.5248	3.5390	-8.960	-6.491	-6.111	-5.592	-5.222	-4.868	0.4787	0.0000	0.4	1	-12.445	3.3362867832
	6.60	40.4599876404	37.6386	5.5687	4.5054	3.4123	-9.152	-6.780	-6.412	-5.901	-5.533	-5.183	0.4787	0.0000	0.5	1	-12.417	3.3363018036
	6.60	45.7273979187	41.0572	5.6888	4.4302	3.0295	-9.452	-7.404	-7.103	-6.625	-6.270	-5.939	0.4787	0.0000	1.1	1	-12.379	3.3363194466
	6.60	48.0889587402	42.2983	5.7381	4.3763	2.7774	-9.575	-7.756	-7.510	-7.061	-6.721	-6.405	0.4787	0.0000	1.7	1	-12.366	3.3363251686
	6.60	49.8590927124	41.3368	5.7663	4.2834	2.3676	-9.646	-8.163	-8.060	-7.656	-7.341	-7.054	0.4787	0.0000	3.4	1	-12.376	3.3363287449
	6.60	49.9930992126	41.1370	5.7681	4.2746	2.3284	-9.650	-8.223	-8.113	-7.719	-7.408	-7.124	0.4787	0.0000	3.6	1	-12.378	3.3363289833
	6.60	53.6963424683	36.6976	5.8330	4.3763	2.6210	-9.812	-7.993	-7.747	-7.298	-6.958	-6.642	0.4787	0.0000	2.1	1	-12.428	3.3363349438
	6.60	54.6832504272	36.1609	5.8565	4.4061	2.7100	-9.871	-7.952	-7.659	-7.198	-6.851	-6.527	0.4787	0.0000	1.8	1	-12.434	3.3363361359
	6.60	55.0641441345	35.9499	5.8898	4.4927	3.0208	-9.955	-7.648	-7.287	-6.782	-6.416	-6.069	0.4787	0.0000	1.1	1	-12.437	3.3363366127
	6.60	55.0705375671	35.9459	5.8895	4.4865	2.9962	-9.954	-7.681	-7.322	-6.821	-6.456	-6.111	0.4787	0.0000	1.1	1	-12.437	3.3363366127
	6.60	55.0724029541	35.9447	5.8898	4.4831	2.9822	-9.954	-7.700	-7.343	-6.843	-6.479	-6.135	0.4787	0.0000	1.1	1	-12.437	3.3363366127
	6.60	55.0738258362	35.9438	5.8905	4.4801	2.9696	-9.956	-7.718	-7.362	-6.864	-6.500	-6.157	0.4787	0.0000	1.2	1	-12.437	3.3363366127
	6.60	55.0751991272	35.9429	5.8914	4.4767	2.9552	-9.958	-7.738	-7.384	-6.887	-6.525	-6.182	0.4787	0.0000	1.2	1	-12.437	3.3363366127
	6.60	55.0766258240	35.9420	5.8921	4.4729	2.9393	-9.960	-7.756	-7.405	-6.910	-6.548	-6.206	0.4787	0.0000	1.2	1	-12.437	3.3363366127
	6.60	55.0775566101	35.9414	5.8926	4.4703	2.9283	-9.961	-7.765	-7.418	-6.924	-6.561	-6.220	0.4787	0.0000	1.2	1	-12.437	3.3363366127
	6.60	55.0784912109	35.9408	5.8930	4.4676	2.9171	-9.962	-7.774	-7.431	-6.937	-6.575	-6.234	0.4787	0.0000	1.3	1	-12.437	3.3363366127
	6.60	55.0794219971	35.9402	5.8933	4.4648	2.9054	-9.963	-7.783	-7.445	-6.952	-6.589	-6.250	0.4787	0.0000	1.3	1	-12.437	3.3363366127
	6.60	55.0803565979	35.9396	5.8936	4.4618	2.8933	-9.964	-7.792	-7.459	-6.966	-6.604	-6.265	0.4787	0.0000	1.3	1	-12.437	3.3363366127
	6.60	55.0812911987	35.9390	5.8938	4.4587	2.8807	-9.965	-7.802	-7.474	-6.982	-6.619	-6.281	0.4787	0.0000	1.4	1	-12.437	3.3363366127
	6.60	55.0822219849	35.9384	5.8941	4.4556	2.8678	-9.965	-7.812	-7.488	-6.997	-6.635	-6.297	0.4787	0.0000	1.4	1	-12.437	3.3363366127
	6.60	55.0831527710	35.9378	5.8943	4.4522	2.8540	-9.966	-7.823	-7.504	-7.014	-6.652	-6.315	0.4787	0.0000	1.4	1	-12.437	3.3363368511
	6.60	55.0840835571	35.9316	5.8945	4.4486	2.8392	-9.966	-7.836	-7.522	-7.033	-6.672	-6.336	0.4787	0.0000	1.5	1	-12.437	3.3363368511
	6.60	55.0850105286	35.9253	5.8947	4.4446	2.8233	-9.967	-7.855	-7.543	-7.056	-6.696	-6.362	0.4787	0.0000	1.5	1	-12.437	3.3363368511
	6.60	55.0859451294	35.9190	5.8948	4.4404	2.8061	-9.967	-7.874	-7.566	-7.082	-6.723	-6.390	0.4787	0.0000	1.5	1	-12.437	3.3363368511
	6.60	55.0863838196	35.9160	5.8949	4.4380	2.7966	-9.967	-7.885	-7.578	-7.096	-6.738	-6.405	0.4787	0.0000	1.6	1	-12.437	3.3363368511
	6.60	55.0868759155	35.9127	5.8949	4.4356	2.7868	-9.967	-7.896	-7.591	-7.110	-6.753	-6.421	0.4787	0.0000	1.6	1	-12.437	3.3363368511
	6.60	55.0873184204	35.9097	5.8950	4.4331	2.7765	-9.967	-7.908	-7.604	-7.125	-6.769	-6.437	0.4787	0.0000	1.6	1	-12.437	3.3363368511
	6.60	55.0878067017	35.9064	5.8950	4.4303	2.7654	-9.968	-7.921	-7.619	-7.141	-6.786	-6.455	0.4787	0.0000	1.7	1	-12.438	3.3363368511
	6.60	55.0882492065	35.8916	5.8951	4.4274	2.7533	-9.968	-7.934	-7.634	-7.159	-6.805	-6.475	0.4787	0.0000	1.7	1	-12.438	3.3363368511
	6.60	55.0887374878	35.8852	5.8951	4.4242	2.7405	-9.968	-7.950	-7.651	-7.178	-6.825	-6.496	0.4787	0.0000	1.7	1	-12.438	3.3363368511
	6.60	55.0891799927	35.8795	5.8952	4.4206	2.7259	-9.968	-7.970	-7.672	-7.201	-6.850	-6.522	0.4787	0.0000	1.8	1	-12.438	3.3363368511
	6.60	55.0896682739	35.8732	5.8953	4.4168	2.7108	-9.968	-7.990	-7.694	-7.225	-6.875	-6.548	0.4787	0.0000	1.8	1	-12.438	3.3363368511
	6.60	55.0901107788	35.8675	5.8953	4.4135	2.6974	-9.968	-8.008	-7.713	-7.247	-6.898	-6.572	0.4787	0.0000	1.9	1	-12.438	3.3363368511
	6.60	55.0905990601	35.8611	5.8954	4.4105	2.6852	-9.969	-8.025	-7.731	-7.267	-6.918	-6.593	0.4787	0.0000	1.9	1	-12.438	3.3363368511
	6.60	55.0910415649	35.8540	5.8955	4.4076	2.6733	-9.969	-8.041	-7.748	-7.286	-6.938	-6.614	0.4787	0.0000	1.9	1	-12.438	3.3363368511
	6.60	55.0915298462	35.8460	5.8955	4.4048	2.6623	-9.969	-8.056	-7.763	-7.303	-6.957	-6.634	0.4787	0.0000	2.0	1	-12.438	3.3363368511
	6.60	55.0919723511	35.8388	5.8956	4.4024	2.6522	-9.969	-8.070	-7.778	-7.319	-6.974	-6.651	0.4787	0.0000	2.0	1	-12.438	3.3363368511
	6.60	55.0924606323	35.8309	5.8956	4.3998	2.6419	-9.969	-8.083	-7.792	-7.335	-6.991	-6.669	0.4787	0.0000	2.0	1	-12.438	3.3363368511
	6.60	55.0929031372	35.8259	5.8955	4.3969	2.6305	-9.969	-8.091	-7.806	-7.350	-7.006	-6.685	0.4787	0.0000	2.1	1	-12.438	3.3363368511
	6.60	55.0938262939	35.8155	5.8953	4.3921	2.6110	-9.968	-8.105	-7.828	-7.374	-7.031	-6.711	0.4787	0.0000	2.2	1	-12.439	3.3363368511
	6.60	55.0952453613	35.7853	5.8939	4.3865	2.5899	-9.965	-8.117	-7.851	-7.398	-7.056	-6.738	0.4787	0.0000	2.2	1	-12.439	3.3363368511
	6.60	55.0962257385	35.7728	5.8926	4.3823	2.5743	-9.962	-8.126	-7.868	-7.416	-7.075	-6.758	0.4787	0.0000	2.3	1	-12.439	3.3363368511
	6.60	55.0976448059	35.7546	5.8940	4.3777	2.5541	-9.965	-8.142	-7.893	-7.444	-7.103	-6.787	0.4787	0.0000	2.4	1	-12.439	3.3363368511
	6.60	55.0999450684	35.7238	5.8964	4.3714	2.5260	-9.971	-8.167	-7.930	-7.483	-7.143	-6.829	0.4787	0.0000	2.5	1	-12.440	3.3363368511
	6.60	55.1050720215	35.6208	5.9002	4.3605	2.4773	-9.981	-8.210	-7.995	-7.550	-7.213	-6.902	0.4787	0.0000	2.7	1	-12.441	3.3363368511
	6.60	55.1350860596	34.9890	5.9101	4.2551	2.0382	-10.005	-8.627	-8.570	-8.181	-7.874	-7.598	0.4787	0.0000	5.8	1	-12.449	3.3363368511
	6.60	55.1440734863	34.7658	5.9132	4.2175	1.8819	-10.013	-8.733	-8.776	-8.400	-8.103	-7.842	0.4787	0.0000	7.5	1	-12.452	3.3363368511
	6.60	55.1466903687	34.7053	5.9138	4.2078	1.8416	-10.015	-8.760	-8.829	-8.457	-8.163	-7.906	0.4787	0.0000	8.1	1	-12.452	3.3363368511
	6.60	55.1519737244	34.5660	5.9150	4.1795	1.7256	-10.017	-8.841	-8.982	-8.623	-8.337	-8.093	0.4787	0.0000	9.9	1	-12.454	3.3363368511
	6.60	55.1529426575	34.5275	5.9171	4.1861	1.7496	-10.023	-8.828	-8.952	-8.590	-8.302	-8.055	0.4787	0.0000	9.5	1	-12.455	3.3363368511
	6.60	55.1534271240	34.5162	5.9167	4.1911	1.7695	-10.022	-8.813	-8.925	-8.561	-8.271	-8.022	0.4787	0.0000	9.1	1	-12.455	3.3363368511
	6.60	55.1538619995	34.5061	5.9166	4.1918	1.7727	-10.022	-8.811	-8.921	-8.556	-8.266	-8.016	0.4787	0.0000	9.1	1	-12.455	3.3363368511
	6.60	55.1547851562	34.4846	5.9163	4.1965	1.7913	-10.021	-8.797	-8.895	-8.528	-8.237	-7.985	0.4787	0.0000	8.8	1	-12.455	3.3363368511
	6.60	55.1553153992	34.4764	5.9164	4.1990	1.8012	-10.021	-8.790	-8.882	-8.514	-8.222	-7.969	0.4787	0.0000	8.7	1	-12.455	3.3363368511
	6.60	55.1567192078	34.4463	5.9160	4.1908	1.7684	-10.020	-8.812	-8.925	-8.560	-8.271	-8.022	0.4787	0.0000	9.2	1	-12.456	3.3363368511
	6.60	55.1674079895	34.2369	5.9210	4.1219	1.4850	-10.032	-9.017	-9.296	-8.972	-8.706	-8.489	0.4787	0.0000	8.1	0	-12.458	3.3363368511
	6.60	55.2076568604	33.4885	5.9381	3.8656	0.4331	-10.075	-8.901	-10.201	-10.134	-9.999	-9.994	0.4787	0.0000	116.3	0	-12.468	3.3363368511
	6.60	55.2217521667	33.1934	5.9413	3.8523	0.3731	-10.083	-8.833	-10.206	-10.156	-10.041	-10.047	0.4787	0.0000	135.0	0	-12.472	3.3363368511
	6.60	55.2508735657	32.7368	5.9502	3.8379	0.3005	-10.106	-8.763	-10.193	-10.194	-10.108	-10.118	0.4787	0.0000	161.7	0	-12.478	3.3363368511
	6.60	55.2701263428	32.4503	5.9569	3.8315	0.2645	-10.122	-8.738	-10.191	-10.218	-10.145	-10.157	0.4787	0.0000	176.7	0	-12.481	3.3363368511
	6.60	55.2797012329	32.2982	5.9601	3.8280	0.2451	-10.130	-8.723	-10.189	-10.230	-10.164	-10.177	0.4787	0.0000	185.4	0	-12.484	3.3363370895
	6.60	55.2892684937	32.1239	5.9632	3.8243	0.2249	-10.138	-8.706	-10.186	-10.242	-10.184	-10.198	0.4787	0.0000	194.8	0	-12.435	3.3363370895
	6.60	55.4718360901	30.3296	5.9521	3.9311	0.6382	-10.110	-9.168	-10.174	-9.990	-9.797	-9.726	0.4787	0.0000	67.3	0	-12.511	3.3363373280
	6.60	55.5636825562	29.5373	5.9470	3.9878	0.8586	-10.098	-9.212	-9.997	-9.744	-9.519	-9.395	0.4787	0.0000	38.3	0	-12.522	3.3363373280
	6.60	55.6655006409	28.6760	5.9416	4.0488	1.0951	-10.084	-9.221	-9.703	-9.428	-9.189	-9.013	0.4787	0.0000	28.0	1	-12.535	3.3363373280
	6.60	55.8676414490	27.2636	5.9203	4.1943	1.6765	-10.031	-8.813	-8.917	-8.551	-8.260	-8.010	0.4787	0.0000	10.1	1	-12.557	3.3363378048
	6.60	60.0000000000	21.2985	5.8306	4.8713	4.3669	-9.807	-5.286	-4.772	-4.224	-3.835	-3.475	0.4787	0.0000	0.1	1	-12.664	3.3363418579
	6.60	69.4043579102	13.1081	5.7151	5.2438	5.7616	-9.518	-2.387	-1.829	-1.244	-0.836	-0.463	0.4787	0.0000	0.0	1	-12.875	3.3363482952
#	Isochrone	Z = 0.01000		Age = 	3.981e+07 yr
# log(age/yr)	M_ini   	M_act	logL/Lo	logTe	logG	mbol    u       g       r       i       z	C/O	M_hec	period	pmode	logMdot	int_IMF
	7.60	0.1500000060	0.1500	-2.4676	3.5346	5.1659	10.939	16.675	13.545	12.028	11.071	10.519	0.4787	0.0000	0.0	1	-17.817	1.9609395266
	7.60	0.2000000030	0.2000	-2.1914	3.5560	5.1004	10.248	15.434	12.534	11.090	10.288	9.819	0.4787	0.0000	0.0	1	-17.692	2.2217822075
	7.60	0.2500000000	0.2500	-2.0031	3.5676	5.0553	9.778	14.623	11.902	10.501	9.771	9.339	0.4787	0.0000	0.0	1	-17.573	2.4080901146
	7.60	0.3000000119	0.3000	-1.8534	3.5768	5.0215	9.403	13.995	11.401	10.034	9.362	8.960	0.4787	0.0000	0.0	1	-16.636	2.5475041866
	7.60	0.3499999940	0.3500	-1.7267	3.5848	4.9938	9.087	13.498	10.979	9.645	9.023	8.651	0.4787	0.0000	0.0	1	-15.843	2.6555202007
	7.60	0.4000000060	0.4000	-1.5824	3.5920	4.9364	8.726	12.987	10.530	9.226	8.646	8.299	0.4787	0.0000	0.0	1	-15.157	2.7413372993
	7.60	0.4499999881	0.4500	-1.4615	3.6009	4.9023	8.424	12.491	10.106	8.840	8.320	8.010	0.4787	0.0000	0.0	1	-14.551	2.8109800816
	7.60	0.5000000000	0.5000	-1.3336	3.6115	4.8625	8.104	12.042	9.682	8.464	7.990	7.711	0.4787	0.0000	0.0	1	-14.009	2.8684780598
	7.60	0.5500000119	0.5500	-1.1975	3.6235	4.8159	7.764	11.550	9.221	8.059	7.638	7.393	0.4787	0.0000	0.0	1	-13.519	2.9166350365
	7.60	0.6000000238	0.6000	-1.0677	3.6357	4.7725	7.439	11.032	8.767	7.676	7.299	7.083	0.4787	0.0000	0.0	1	-13.072	2.9573988914
	7.60	0.6999999881	0.7000	-0.7923	3.6674	4.6911	6.751	9.785	7.746	6.849	6.567	6.416	0.4787	0.0000	0.0	1	-12.279	3.0225379467
	7.60	0.8257970214	0.8258	-0.4561	3.7180	4.6289	5.910	8.082	6.510	5.875	5.695	5.620	0.4787	0.0000	0.0	1	-11.525	3.0826864243
	7.60	0.9773910642	0.9774	-0.1114	3.7649	4.5450	5.048	6.599	5.418	4.978	4.872	4.855	0.4787	0.0000	0.0	1	-12.580	3.1344585419
	7.60	1.3742029667	1.3742	0.6189	3.8622	4.3520	3.223	4.305	3.310	3.215	3.261	3.352	0.4787	0.0000	0.0	1	-14.527	3.2136075497
	7.60	1.4742029905	1.4742	0.7574	3.8890	4.3512	2.876	3.944	2.911	2.902	2.994	3.113	0.4787	0.0000	0.0	1	-14.617	3.2262270451
	7.60	1.6000000238	1.6000	0.9124	3.9209	4.3594	2.489	3.552	2.483	2.577	2.723	2.869	0.4787	0.0000	0.0	1	-14.703	3.2395837307
	7.60	1.7257970572	1.7257	1.0523	3.9498	4.3679	2.139	3.196	2.141	2.317	2.503	2.668	0.4787	0.0000	0.0	1	-14.775	3.2506957054
	7.60	1.8386955261	1.8387	1.1601	3.9715	4.3746	1.870	2.925	1.920	2.139	2.347	2.521	0.4787	0.0000	0.0	1	-14.834	3.2591464520
	7.60	1.9257969856	1.9258	1.2475	3.9882	4.3740	1.651	2.708	1.755	1.999	2.220	2.401	0.4787	0.0000	0.0	1	-14.876	3.2648677826
	7.60	2.2000000477	2.2000	1.4682	4.0288	4.3734	1.099	2.168	1.364	1.654	1.899	2.095	0.4787	0.0000	0.0	1	-15.001	3.2793695927
	7.60	2.5000000000	2.5000	1.6802	4.0654	4.3633	0.569	1.663	1.006	1.322	1.581	1.792	0.4787	0.0000	0.0	1	-15.120	3.2908382416
	7.60	2.8511042595	2.8511	1.8935	4.0994	4.3433	0.036	1.172	0.644	0.979	1.249	1.475	0.4787	0.0000	0.1	1	-15.243	3.3004934788
	7.60	3.0000000000	3.0000	1.9773	4.1127	4.3344	-0.173	0.987	0.504	0.846	1.120	1.351	0.4787	0.0000	0.1	1	-13.516	3.3037204742
	7.60	3.5000000000	3.5000	2.2295	4.1512	4.3033	-0.804	0.440	0.082	0.441	0.726	0.973	0.4787	0.0000	0.1	1	-13.449	3.3120026588
	7.60	3.9903991222	3.9904	2.4433	4.1828	4.2731	-1.338	-0.006	-0.276	0.099	0.391	0.650	0.4787	0.0000	0.1	1	-13.392	3.3175227642
	7.60	4.0000000000	4.0000	2.4473	4.1834	4.2725	-1.348	-0.014	-0.283	0.092	0.385	0.644	0.4787	0.0000	0.1	1	-13.391	3.3176128864
	7.60	4.0098032951	4.0098	2.4512	4.1840	4.2719	-1.358	-0.022	-0.289	0.086	0.379	0.638	0.4787	0.0000	0.1	1	-13.390	3.3177042007
	7.60	4.5000000000	4.5000	2.6426	4.2114	4.2403	-1.836	-0.414	-0.613	-0.224	0.077	0.345	0.4787	0.0000	0.1	1	-13.339	3.3215744495
	7.60	4.8012089729	4.8012	2.7542	4.2262	4.2159	-2.115	-0.646	-0.809	-0.413	-0.108	0.165	0.4787	0.0000	0.1	1	-13.311	3.3234171867
	7.60	5.0000000000	5.0000	2.8262	4.2351	4.1971	-2.296	-0.796	-0.939	-0.538	-0.231	0.045	0.4787	0.0000	0.1	1	-13.294	3.3244650364
	7.60	5.4071116447	5.4071	2.9674	4.2516	4.1561	-2.649	-1.095	-1.199	-0.790	-0.478	-0.197	0.4787	0.0000	0.1	1	-13.260	3.3262729645
	7.60	5.8796315193	5.8796	3.1278	4.2681	4.0979	-3.049	-1.442	-1.509	-1.092	-0.775	-0.489	0.4787	0.0000	0.1	1	-13.223	3.3279278278
	7.60	6.0000000000	6.0000	3.1685	4.2716	4.0800	-3.151	-1.533	-1.591	-1.172	-0.854	-0.568	0.4787	0.0000	0.1	1	-13.215	3.3282895088
	7.60	6.2846894264	6.2847	3.2613	4.2791	4.0375	-3.383	-1.742	-1.782	-1.360	-1.039	-0.751	0.4787	0.0000	0.1	1	-13.194	3.3290653229
	7.60	6.6160402298	6.6160	3.3703	4.2855	3.9761	-3.656	-1.997	-2.021	-1.595	-1.273	-0.983	0.4787	0.0000	0.1	1	-13.172	3.3298459053
	7.60	6.8963856697	6.8964	3.4647	4.2884	3.9114	-3.892	-2.228	-2.243	-1.816	-1.493	-1.203	0.4787	0.0000	0.2	1	-13.154	3.3304193020
	7.60	7.0000000000	7.0000	3.5006	4.2884	3.8820	-3.981	-2.321	-2.333	-1.907	-1.584	-1.293	0.4787	0.0000	0.2	1	-13.148	3.3306136131
	7.60	7.1357383728	7.1357	3.5462	4.2877	3.8422	-4.096	-2.440	-2.452	-2.026	-1.703	-1.413	0.4787	0.0000	0.2	1	-13.139	3.3308553696
	7.60	7.3466892242	7.3467	3.6199	4.2837	3.7649	-4.280	-2.645	-2.661	-2.236	-1.915	-1.627	0.4787	0.0000	0.2	1	-13.127	3.3312046528
	7.60	7.5278005600	7.5278	3.6852	4.2772	3.6842	-4.443	-2.838	-2.863	-2.441	-2.121	-1.835	0.4787	0.0000	0.2	1	-13.116	3.3314809799
	7.60	7.6834473610	7.6834	3.7443	4.2673	3.5945	-4.591	-3.026	-3.067	-2.650	-2.333	-2.051	0.4787	0.0000	0.3	1	-13.107	3.3317027092
	7.60	7.8176274300	7.8176	3.7969	4.2563	3.5052	-4.722	-3.201	-3.262	-2.849	-2.536	-2.258	0.4787	0.0000	0.3	1	-13.100	3.3318834305
	7.60	7.8773932457	7.8774	3.8219	4.2501	3.4590	-4.785	-3.289	-3.359	-2.950	-2.639	-2.363	0.4787	0.0000	0.3	1	-13.096	3.3319606781
	7.60	7.9325499535	7.9325	3.8460	4.2448	3.4168	-4.845	-3.370	-3.449	-3.043	-2.733	-2.460	0.4787	0.0000	0.4	1	-13.093	3.3320307732
	7.60	7.9753055573	7.9753	3.8664	4.2428	3.3907	-4.896	-3.431	-3.512	-3.107	-2.798	-2.525	0.4787	0.0000	0.4	1	-13.091	3.3320837021
	7.60	7.9920220375	7.9920	3.8762	4.2453	3.3916	-4.920	-3.447	-3.523	-3.117	-2.807	-2.533	0.4787	0.0000	0.4	1	-13.090	3.3321044445
	7.60	8.0097885132	8.0098	3.8897	4.2523	3.4073	-4.954	-3.456	-3.517	-3.108	-2.796	-2.520	0.4787	0.0000	0.4	1	-13.089	3.3321261406
	7.60	8.0216970444	8.0217	3.9088	4.2699	3.4589	-5.002	-3.441	-3.468	-3.050	-2.733	-2.450	0.4787	0.0000	0.3	1	-13.088	3.3321404457
	7.60	8.0250349045	8.0250	3.9226	4.2806	3.4884	-5.037	-3.437	-3.443	-3.020	-2.700	-2.413	0.4787	0.0000	0.3	1	-13.088	3.3321444988
	7.60	8.0270824432	8.0271	3.9559	4.2998	3.5318	-5.120	-3.452	-3.420	-2.989	-2.663	-2.370	0.4787	0.0000	0.3	1	-13.088	3.3321468830
	7.60	8.0276823044	8.0277	3.9281	4.2814	3.4863	-5.050	-3.448	-3.452	-3.029	-2.708	-2.422	0.4787	0.0000	0.3	1	-13.088	3.3321475983
	7.60	8.0281438828	8.0281	3.9140	4.2653	3.4358	-5.015	-3.472	-3.507	-3.091	-2.775	-2.494	0.4787	0.0000	0.4	1	-13.088	3.3321483135
	7.60	8.0284776688	8.0285	3.9129	4.2497	3.3746	-5.012	-3.527	-3.591	-3.183	-2.871	-2.596	0.4787	0.0000	0.4	1	-13.088	3.3321487904
	7.60	8.0287656784	8.0288	3.9203	4.2359	3.3119	-5.031	-3.596	-3.687	-3.286	-2.978	-2.709	0.4787	0.0000	0.4	1	-13.088	3.3321490288
	7.60	8.0290889740	8.0291	3.9318	4.2201	3.2374	-5.059	-3.681	-3.804	-3.411	-3.108	-2.845	0.4787	0.0000	0.5	1	-13.088	3.3321495056
	7.60	8.0294456482	8.0294	3.9431	4.2021	3.1541	-5.088	-3.773	-3.932	-3.548	-3.251	-2.996	0.4787	0.0000	0.6	1	-13.088	3.3321497440
	7.60	8.0298376083	8.0298	3.9524	4.1816	3.0626	-5.111	-3.867	-4.069	-3.696	-3.405	-3.159	0.4787	0.0000	0.7	1	-13.088	3.3321502209
	7.60	8.0301141739	8.0301	3.9572	4.1665	2.9973	-5.123	-3.927	-4.165	-3.799	-3.512	-3.273	0.4787	0.0000	0.8	1	-13.088	3.3321506977
	7.60	8.0304021835	8.0304	3.9608	4.1502	2.9288	-5.132	-3.989	-4.262	-3.905	-3.624	-3.392	0.4787	0.0000	0.9	1	-13.088	3.3321509361
	7.60	8.0307073593	8.0307	3.9633	4.1319	2.8529	-5.138	-4.048	-4.365	-4.020	-3.745	-3.521	0.4787	0.0000	1.0	1	-13.088	3.3321514130
	7.60	8.0310125351	8.0310	3.9645	4.1121	2.7725	-5.141	-4.104	-4.473	-4.138	-3.870	-3.656	0.4787	0.0000	1.1	1	-13.088	3.3321516514
	7.60	8.0311737061	8.0312	3.9648	4.1014	2.7295	-5.142	-4.132	-4.529	-4.201	-3.936	-3.728	0.4787	0.0000	1.2	1	-13.088	3.3321518898
	7.60	8.0315361023	8.0315	3.9636	4.0745	2.6233	-5.139	-4.183	-4.662	-4.349	-4.092	-3.901	0.4787	0.0000	1.5	1	-13.088	3.3321523666
	7.60	8.0319061279	8.0319	3.9606	4.0438	2.5034	-5.131	-4.213	-4.803	-4.506	-4.258	-4.088	0.4787	0.0000	1.8	1	-13.088	3.3321528435
	7.60	8.0320873260	8.0321	3.9580	4.0271	2.4391	-5.125	-4.217	-4.872	-4.584	-4.342	-4.184	0.4787	0.0000	2.0	1	-13.088	3.3321530819
	7.60	8.0322751999	8.0323	3.9548	4.0086	2.3685	-5.117	-4.210	-4.943	-4.666	-4.431	-4.287	0.4787	0.0000	2.3	1	-13.088	3.3321533203
	7.60	8.0324630737	8.0325	3.9507	3.9883	2.2915	-5.107	-4.191	-5.016	-4.752	-4.523	-4.397	0.4787	0.0000	2.6	1	-13.088	3.3321535587
	7.60	8.0326509476	8.0327	3.9455	3.9664	2.2091	-5.094	-4.156	-5.087	-4.836	-4.616	-4.509	0.4787	0.0000	3.0	1	-13.088	3.3321537971
	7.60	8.0328454971	8.0328	3.9390	3.9414	2.1153	-5.078	-4.095	-5.153	-4.922	-4.715	-4.629	0.4787	0.0000	3.5	1	-13.088	3.3321540356
	7.60	8.0330333710	8.0330	3.9312	3.9147	2.0165	-5.058	-4.000	-5.188	-4.994	-4.809	-4.742	0.4787	0.0000	4.1	1	-13.088	3.3321542740
	7.60	8.0332212448	8.0332	3.9218	3.8853	1.9082	-5.035	-3.870	-5.170	-5.045	-4.899	-4.848	0.4787	0.0000	5.0	1	-13.088	3.3321545124
	7.60	8.0333309174	8.0333	3.9153	3.8666	1.8398	-5.018	-3.783	-5.127	-5.064	-4.949	-4.906	0.4787	0.0000	5.6	1	-13.088	3.3321545124
	7.60	8.0334672928	8.0335	3.9057	3.8404	1.7449	-4.994	-3.658	-5.032	-5.077	-5.011	-4.980	0.4787	0.0000	6.6	1	-13.088	3.3321547508
	7.60	8.0335645676	8.0336	3.8973	3.8201	1.6718	-4.973	-3.548	-4.939	-5.076	-5.052	-5.031	0.4787	0.0000	7.5	1	-13.088	3.3321547508
	7.60	8.0336551666	8.0337	3.8884	3.7999	1.6003	-4.951	-3.423	-4.834	-5.064	-5.082	-5.073	0.4787	0.0000	8.5	1	-13.088	3.3321549892
	7.60	8.0337390900	8.0337	3.8782	3.7791	1.5272	-4.926	-3.254	-4.710	-5.039	-5.098	-5.106	0.4787	0.0000	9.7	1	-13.088	3.3321549892
	7.60	8.0338230133	8.0338	3.8664	3.7572	1.4513	-4.896	-3.018	-4.562	-5.000	-5.103	-5.131	0.4787	0.0000	11.0	1	-13.088	3.3321552277
	7.60	8.0338945389	8.0339	3.8532	3.7364	1.3812	-4.863	-2.727	-4.402	-4.948	-5.092	-5.142	0.4787	0.0000	12.4	1	-13.088	3.3321552277
	7.60	8.0339727402	8.0340	3.8367	3.7140	1.3082	-4.822	-2.344	-4.209	-4.875	-5.061	-5.138	0.4787	0.0000	14.1	1	-13.088	3.3321552277
	7.60	8.0340433121	8.0340	3.8175	3.6966	1.2577	-4.774	-1.989	-4.032	-4.791	-5.008	-5.109	0.4787	0.0000	15.4	1	-13.088	3.3321554661
	7.60	8.0341472626	8.0341	3.7830	3.6776	1.2162	-4.687	-1.526	-3.793	-4.650	-4.900	-5.030	0.4787	0.0000	16.5	1	-13.088	3.3321554661
	7.60	8.0342826843	8.0343	3.7487	3.6629	1.1918	-4.602	-1.131	-3.577	-4.506	-4.785	-4.941	0.4787	0.0000	17.2	1	-13.088	3.3321557045
	7.60	8.0343542099	8.0344	3.7355	3.6564	1.1791	-4.569	-0.959	-3.485	-4.445	-4.738	-4.906	0.4787	0.0000	17.6	1	-13.088	3.3321557045
	7.60	8.0345640182	8.0346	3.8219	3.6337	1.0020	-4.785	-0.597	-3.460	-4.543	-4.892	-5.105	0.4787	0.0000	23.9	1	-13.088	3.3321559429
	7.60	8.0346879959	8.0347	3.9235	3.6221	0.8537	-5.039	-0.493	-3.568	-4.726	-5.109	-5.349	0.4787	0.0000	30.9	1	-13.088	3.3321561813
	7.60	8.0347728729	8.0348	3.9803	3.6172	0.7776	-5.181	-0.463	-3.637	-4.831	-5.232	-5.484	0.4787	0.0000	35.2	1	-13.088	3.3321561813
	7.60	8.0348663330	8.0349	4.0143	3.6137	0.7294	-5.266	-0.425	-3.669	-4.890	-5.303	-5.565	0.4787	0.0000	38.3	1	-13.088	3.3321564198
	7.60	8.0350837708	8.0351	4.0625	3.6093	0.6637	-5.386	-0.389	-3.724	-4.977	-5.406	-5.679	0.4787	0.0000	42.9	1	-13.088	3.3321566582
	7.60	8.0357580185	8.0358	4.1164	3.6047	0.5912	-5.521	-0.354	-3.790	-5.078	-5.523	-5.808	0.4787	0.0000	48.6	1	-13.088	3.3321573734
	7.60	8.0366888046	8.0367	4.1715	3.5999	0.5171	-5.659	-0.316	-3.855	-5.179	-5.642	-5.939	0.4787	0.0000	55.2	1	-13.088	3.3321585655
	7.60	8.0377044678	8.0377	4.2149	3.5963	0.4594	-5.767	-0.312	-3.892	-5.244	-5.729	-6.040	0.4787	0.0000	61.0	1	-13.085	3.3321597576
	7.60	8.0400762558	8.0401	4.2417	3.5940	0.4237	-5.834	-0.309	-3.914	-5.284	-5.783	-6.103	0.4787	0.0000	64.9	1	-12.823	3.3321626186
	7.60	8.0626211166	8.0626	4.1810	3.6006	0.5120	-5.683	-0.359	-3.890	-5.209	-5.669	-5.964	0.4787	0.0000	55.8	1	-13.086	3.3321895599
	7.60	8.0792541504	8.0793	4.1187	3.6066	0.5992	-5.527	-0.420	-3.823	-5.098	-5.537	-5.816	0.4787	0.0000	48.0	1	-13.085	3.3322093487
	7.60	8.0947599411	8.0948	4.0624	3.6125	0.6797	-5.386	-0.486	-3.769	-5.001	-5.419	-5.684	0.4787	0.0000	41.8	1	-13.084	3.3322277069
	7.60	8.1115083694	8.1115	4.0196	3.6179	0.7451	-5.279	-0.565	-3.743	-4.935	-5.333	-5.584	0.4787	0.0000	37.3	1	-13.084	3.3322472572
	7.60	8.1370401382	8.1370	3.9861	3.6255	0.8103	-5.195	-0.722	-3.768	-4.908	-5.279	-5.511	0.4787	0.0000	33.4	1	-13.082	3.3322770596
	7.60	8.1516399384	8.1516	3.9791	3.6300	0.8360	-5.178	-0.826	-3.801	-4.916	-5.275	-5.497	0.4787	0.0000	32.0	1	-13.081	3.3322937489
	7.60	8.1653900146	8.1654	4.0019	3.6393	0.8513	-5.235	-1.117	-3.961	-5.027	-5.362	-5.564	0.4787	0.0000	31.1	1	-13.081	3.3323094845
	7.60	8.1683053970	8.1683	4.0225	3.6475	0.8638	-5.286	-1.374	-4.103	-5.126	-5.439	-5.623	0.4787	0.0000	30.5	1	-13.081	3.3323128223
	7.60	8.1694355011	8.1694	4.0304	3.6541	0.8821	-5.306	-1.549	-4.188	-5.177	-5.475	-5.647	0.4787	0.0000	29.5	1	-13.080	3.3323142529
	7.60	8.1703310013	8.1703	4.0352	3.6625	0.9109	-5.318	-1.753	-4.278	-5.224	-5.506	-5.662	0.4787	0.0000	28.1	1	-13.080	3.3323152065
	7.60	8.1712198257	8.1712	4.0407	3.6719	0.9431	-5.332	-1.981	-4.379	-5.278	-5.540	-5.679	0.4787	0.0000	26.6	1	-13.080	3.3323161602
	7.60	8.1722488403	8.1722	4.0507	3.6836	0.9799	-5.357	-2.253	-4.504	-5.340	-5.581	-5.701	0.4787	0.0000	24.9	1	-13.080	3.3323173523
	7.60	8.1736488342	8.1736	4.0631	3.7146	1.0916	-5.388	-2.876	-4.777	-5.446	-5.631	-5.707	0.4787	0.0000	20.6	1	-13.080	3.3323190212
	7.60	8.1758213043	8.1758	4.0682	3.7589	1.2640	-5.400	-3.510	-5.081	-5.509	-5.608	-5.635	0.4787	0.0000	15.3	1	-13.080	3.3323214054
	7.60	8.1785726547	8.1786	4.0720	3.7821	1.3531	-5.410	-3.737	-5.216	-5.527	-5.578	-5.585	0.4787	0.0000	13.1	1	-13.080	3.3323247433
	7.60	8.1807107925	8.1807	4.0751	3.7944	1.3994	-5.418	-3.833	-5.283	-5.534	-5.560	-5.558	0.4787	0.0000	12.1	1	-13.080	3.3323271275
	7.60	8.1834468842	8.1834	4.0796	3.8074	1.4470	-5.429	-3.924	-5.353	-5.541	-5.540	-5.530	0.4787	0.0000	11.1	1	-13.080	3.3323302269
	7.60	8.1861429214	8.1861	4.0850	3.8187	1.4868	-5.442	-3.997	-5.413	-5.548	-5.523	-5.507	0.4787	0.0000	10.4	1	-13.080	3.3323333263
	7.60	8.1895027161	8.1895	4.0918	3.8316	1.5317	-5.459	-4.077	-5.479	-5.554	-5.502	-5.480	0.4787	0.0000	9.6	1	-13.079	3.3323371410
	7.60	8.1927347183	8.1927	4.0991	3.8449	1.5779	-5.478	-4.155	-5.543	-5.555	-5.477	-5.450	0.4787	0.0000	8.9	1	-13.079	3.3323407173
	7.60	8.1966762543	8.1967	4.1065	3.8628	1.6425	-5.496	-4.249	-5.606	-5.548	-5.436	-5.401	0.4787	0.0000	7.9	1	-13.079	3.3323452473
	7.60	8.2004632950	8.2005	4.1124	3.8768	1.6926	-5.511	-4.321	-5.649	-5.540	-5.403	-5.363	0.4787	0.0000	7.3	1	-13.079	3.3323495388
	7.60	8.2048397064	8.2048	4.1195	3.8901	1.7389	-5.529	-4.394	-5.672	-5.529	-5.373	-5.325	0.4787	0.0000	6.7	1	-13.079	3.3323543072
	7.60	8.2102470398	8.2102	4.1291	3.9134	1.8230	-5.553	-4.506	-5.683	-5.492	-5.308	-5.246	0.4787	0.0000	5.8	1	-13.078	3.3323605061
	7.60	8.2182998657	8.2183	4.1391	3.9391	1.9162	-5.578	-4.607	-5.653	-5.429	-5.225	-5.144	0.4787	0.0000	5.0	1	-13.078	3.3323695660
	7.60	8.2254486084	8.2254	4.1431	3.9481	1.9484	-5.588	-4.639	-5.639	-5.406	-5.196	-5.108	0.4787	0.0000	4.7	1	-13.078	3.3323774338
	7.60	8.2392883301	8.2393	4.1468	3.9338	1.8884	-5.597	-4.614	-5.687	-5.469	-5.267	-5.191	0.4787	0.0000	5.2	1	-13.077	3.3323929310
	7.60	8.2474002838	8.2474	4.1488	3.9230	1.8434	-5.602	-4.590	-5.720	-5.513	-5.319	-5.251	0.4787	0.0000	5.6	1	-13.076	3.3324019909
	7.60	8.2547979355	8.2548	4.1494	3.9065	1.7773	-5.603	-4.534	-5.743	-5.563	-5.386	-5.329	0.4787	0.0000	6.3	1	-13.076	3.3324100971
	7.60	8.2610082626	8.2610	4.1491	3.8881	1.7043	-5.603	-4.462	-5.746	-5.608	-5.453	-5.408	0.4787	0.0000	7.2	1	-13.076	3.3324170113
	7.60	8.2659587860	8.2660	4.1475	3.8677	1.6247	-5.599	-4.373	-5.721	-5.643	-5.521	-5.486	0.4787	0.0000	8.2	1	-13.075	3.3324224949
	7.60	8.2698812485	8.2699	4.1451	3.8470	1.5444	-5.593	-4.278	-5.667	-5.668	-5.584	-5.557	0.4787	0.0000	9.4	1	-13.075	3.3324267864
	7.60	8.2727365494	8.2727	4.1424	3.8282	1.4719	-5.586	-4.186	-5.596	-5.685	-5.639	-5.619	0.4787	0.0000	10.7	1	-13.075	3.3324298859
	7.60	8.2754907608	8.2755	4.1354	3.8055	1.3883	-5.569	-4.049	-5.487	-5.682	-5.684	-5.677	0.4787	0.0000	12.4	1	-13.075	3.3324329853
	7.60	8.2772607803	8.2773	4.1293	3.7890	1.3284	-5.553	-3.924	-5.395	-5.671	-5.707	-5.710	0.4787	0.0000	13.7	1	-13.075	3.3324348927
	7.60	8.2789735794	8.2790	4.1255	3.7724	1.2659	-5.544	-3.785	-5.302	-5.660	-5.731	-5.747	0.4787	0.0000	15.3	1	-13.075	3.3324368000
	7.60	8.2806196213	8.2806	4.1213	3.7559	1.2044	-5.533	-3.604	-5.197	-5.641	-5.746	-5.776	0.4787	0.0000	17.0	1	-13.075	3.3324384689
	7.60	8.2821722031	8.2822	4.1160	3.7372	1.1351	-5.520	-3.352	-5.067	-5.611	-5.753	-5.803	0.4787	0.0000	19.1	1	-13.075	3.3324403763
	7.60	8.2834234238	8.2834	4.1101	3.7176	1.0626	-5.505	-3.038	-4.917	-5.569	-5.749	-5.821	0.4787	0.0000	21.7	1	-13.074	3.3324415684
	7.60	8.2839765549	8.2840	4.1070	3.7074	1.0248	-5.497	-2.852	-4.833	-5.543	-5.741	-5.827	0.4787	0.0000	23.2	1	-13.074	3.3324422836
	7.60	8.2845287323	8.2845	4.1021	3.6945	0.9781	-5.485	-2.597	-4.721	-5.501	-5.723	-5.826	0.4787	0.0000	25.1	1	-13.074	3.3324427605
	7.60	8.2850761414	8.2851	4.0957	3.6809	0.9302	-5.469	-2.298	-4.592	-5.446	-5.692	-5.816	0.4787	0.0000	27.3	1	-13.074	3.3324434757
	7.60	8.2858085632	8.2858	4.0815	3.6633	0.8743	-5.434	-1.875	-4.400	-5.344	-5.624	-5.779	0.4787	0.0000	30.0	1	-13.074	3.3324441910
	7.60	8.2864713669	8.2865	4.0639	3.6509	0.8421	-5.390	-1.548	-4.240	-5.248	-5.552	-5.730	0.4787	0.0000	31.8	1	-13.074	3.3324449062
	7.60	8.2875261307	8.2875	4.0523	3.6374	0.7999	-5.361	-1.177	-4.064	-5.143	-5.483	-5.689	0.4787	0.0000	34.2	1	-13.074	3.3324460983
	7.60	8.2884521484	8.2885	4.0526	3.6280	0.7617	-5.362	-0.928	-3.959	-5.089	-5.454	-5.680	0.4787	0.0000	36.5	1	-13.074	3.3324470520
	7.60	8.2920408249	8.2920	4.1035	3.6167	0.6660	-5.489	-0.703	-3.931	-5.137	-5.539	-5.793	0.4787	0.0000	43.0	1	-13.074	3.3324511051
	7.60	8.2932081223	8.2932	4.1323	3.6131	0.6227	-5.561	-0.650	-3.949	-5.182	-5.597	-5.860	0.4787	0.0000	46.4	1	-13.074	3.3324522972
	7.60	8.2946510315	8.2947	4.1635	3.6094	0.5769	-5.639	-0.600	-3.973	-5.232	-5.660	-5.933	0.4787	0.0000	50.2	1	-13.074	3.3324539661
	7.60	8.2966861725	8.2967	4.1948	3.6059	0.5318	-5.717	-0.555	-4.000	-5.284	-5.725	-6.006	0.4787	0.0000	54.3	1	-13.074	3.3324561119
	7.60	8.2991437912	8.2991	4.2658	3.5980	0.4293	-5.894	-0.459	-4.049	-5.393	-5.867	-6.172	0.4787	0.0000	64.8	1	-12.889	3.3324587345
	7.60	8.3019466400	8.3019	4.3310	3.5915	0.3382	-6.058	-0.427	-4.082	-5.478	-5.993	-6.322	0.4787	0.0000	75.8	1	-12.219	3.3324618340
	7.60	8.3046731949	8.3047	4.4012	3.5837	0.2368	-6.233	-0.377	-4.104	-5.559	-6.122	-6.481	0.4787	0.0000	90.4	1	-11.474	3.3324646950
	7.60	8.3069553375	8.3070	4.4752	3.5749	0.1279	-6.418	-0.321	-4.117	-5.638	-6.255	-6.647	0.4787	0.0000	109.1	1	-10.673	3.3324673176
	7.60	8.3079185486	8.3079	4.5051	3.5708	0.0817	-6.493	-0.373	-4.045	-5.569	-6.271	-6.703	0.4787	0.0000	118.1	1	-10.334	3.3324682713
#	Isochrone	Z = 0.01000		Age = 	3.981e+08 yr
# log(age/yr)	M_ini   	M_act	logL/Lo	logTe	logG	mbol    u       g       r       i       z	C/O	M_hec	period	pmode	logMdot	int_IMF
	8.60	0.1500000060	0.1500	-2.4672	3.5346	5.1657	10.938	16.673	13.543	12.027	11.070	10.518	0.4787	0.0000	0.0	1	-17.817	1.9609395266
	8.60	0.2000000030	0.2000	-2.1907	3.5560	5.0998	10.247	15.432	12.532	11.088	10.286	9.817	0.4787	0.0000	0.0	1	-17.692	2.2217822075
	8.60	0.2500000000	0.2500	-2.0022	3.5676	5.0545	9.775	14.620	11.899	10.499	9.769	9.336	0.4787	0.0000	0.0	1	-17.573	2.4080901146
	8.60	0.3000000119	0.3000	-1.8524	3.5768	5.0207	9.401	13.992	11.398	10.032	9.360	8.958	0.4787	0.0000	0.0	1	-16.636	2.5475041866
	8.60	0.3499999940	0.3500	-1.7258	3.5848	4.9930	9.084	13.496	10.977	9.643	9.021	8.649	0.4787	0.0000	0.0	1	-15.843	2.6555202007
	8.60	0.4000000060	0.4000	-1.5814	3.5920	4.9355	8.723	12.983	10.527	9.223	8.643	8.297	0.4787	0.0000	0.0	1	-15.157	2.7413372993
	8.60	0.4499999881	0.4500	-1.4601	3.6009	4.9011	8.420	12.488	10.102	8.836	8.317	8.007	0.4787	0.0000	0.0	1	-14.551	2.8109800816
	8.60	0.5000000000	0.5000	-1.3320	3.6115	4.8612	8.100	12.037	9.677	8.460	7.986	7.707	0.4787	0.0000	0.0	1	-14.009	2.8684780598
	8.60	0.5500000119	0.5500	-1.1955	3.6236	4.8143	7.759	11.544	9.215	8.053	7.633	7.389	0.4787	0.0000	0.0	1	-13.519	2.9166350365
	8.60	0.6000000238	0.6000	-1.0655	3.6358	4.7709	7.434	11.024	8.760	7.670	7.293	7.078	0.4787	0.0000	0.0	1	-13.072	2.9573988914
	8.60	0.6999999881	0.7000	-0.7883	3.6678	4.6887	6.741	9.767	7.732	6.838	6.556	6.406	0.4787	0.0000	0.0	1	-12.279	3.0225379467
	8.60	0.8257970214	0.8258	-0.4474	3.7190	4.6244	5.889	8.044	6.481	5.851	5.673	5.600	0.4787	0.0000	0.0	1	-11.525	3.0826864243
	8.60	0.9773910642	0.9774	-0.0985	3.7660	4.5366	5.016	6.554	5.382	4.946	4.841	4.826	0.4787	0.0000	0.0	1	-12.580	3.1344585419
	8.60	1.0784018040	1.0783	0.1193	3.7946	4.4759	4.472	5.764	4.736	4.410	4.347	4.365	0.4787	0.0000	0.0	1	-13.587	3.1606175900
	8.60	1.2046996355	1.2046	0.3632	3.8264	4.4071	3.862	5.003	4.035	3.821	3.808	3.860	0.4787	0.0000	0.0	1	-14.222	3.1867225170
	8.60	1.2764865160	1.2763	0.4909	3.8426	4.3696	3.543	4.650	3.675	3.516	3.529	3.599	0.4787	0.0000	0.0	1	-14.391	3.1990861893
	8.60	1.3264101744	1.3262	0.5748	3.8533	4.3449	3.333	4.424	3.439	3.315	3.347	3.428	0.4787	0.0000	0.0	1	-14.469	3.2068085670
	8.60	1.3642343283	1.3640	0.6352	3.8609	4.3271	3.182	4.268	3.270	3.172	3.216	3.306	0.4787	0.0000	0.0	1	-14.516	3.2122340202
	8.60	1.3742029667	1.3740	0.6501	3.8628	4.3229	3.145	4.229	3.228	3.136	3.184	3.276	0.4787	0.0000	0.0	1	-14.527	3.2136075497
	8.60	1.4742029905	1.4739	0.7921	3.8889	4.3161	2.790	3.861	2.822	2.814	2.907	3.026	0.4787	0.0000	0.0	1	-14.617	3.2262270451
	8.60	1.5812916756	1.5809	0.9310	3.9137	4.3067	2.443	3.510	2.439	2.513	2.649	2.788	0.4787	0.0000	0.0	1	-14.691	3.2377502918
	8.60	1.6000000238	1.5995	0.9545	3.9176	4.3039	2.384	3.451	2.376	2.463	2.605	2.748	0.4787	0.0000	0.0	1	-14.703	3.2395837307
	8.60	1.7257970572	1.7252	1.0998	3.9410	4.2849	2.020	3.082	2.013	2.169	2.345	2.502	0.4787	0.0000	0.0	1	-14.774	3.2506957054
	8.60	1.8068356514	1.8066	1.1862	3.9535	4.2687	1.805	2.863	1.809	1.998	2.190	2.353	0.4787	0.0000	0.0	1	-14.817	3.2568886280
	8.60	1.8386955261	1.8387	1.2195	3.9580	4.2610	1.721	2.778	1.736	1.934	2.130	2.295	0.4787	0.0000	0.0	1	-14.834	3.2591464520
	8.60	1.9257969856	1.9258	1.3090	3.9684	4.2333	1.497	2.552	1.535	1.754	1.961	2.130	0.4787	0.0000	0.1	1	-14.876	3.2648677826
	8.60	1.9860442877	1.9860	1.3681	3.9753	4.2152	1.350	2.403	1.403	1.636	1.850	2.021	0.4787	0.0000	0.1	1	-14.905	3.2684781551
	8.60	2.1328432560	2.1328	1.5088	3.9893	4.1612	0.998	2.050	1.098	1.352	1.576	1.751	0.4787	0.0000	0.1	1	-14.972	3.2762429714
	8.60	2.2000000477	2.2000	1.5721	3.9942	4.1310	0.840	1.890	0.956	1.217	1.446	1.622	0.4787	0.0000	0.1	1	-15.001	3.2793695927
	8.60	2.2652499676	2.2652	1.6316	3.9985	4.1015	0.691	1.740	0.822	1.090	1.321	1.498	0.4787	0.0000	0.1	1	-15.028	3.2821877003
	8.60	2.3658499718	2.3658	1.7226	4.0027	4.0461	0.463	1.511	0.610	0.884	1.118	1.295	0.4787	0.0000	0.1	1	-15.068	3.2861568928
	8.60	2.4506006241	2.4506	1.7987	4.0035	3.9886	0.273	1.318	0.422	0.698	0.933	1.109	0.4787	0.0000	0.1	1	-15.101	3.2891883850
	8.60	2.5000000000	2.5000	1.8427	4.0021	3.9478	0.163	1.205	0.305	0.581	0.816	0.990	0.4787	0.0000	0.1	1	-15.120	3.2908382416
	8.60	2.5261166096	2.5261	1.8654	4.0014	3.9266	0.107	1.147	0.245	0.520	0.755	0.928	0.4787	0.0000	0.1	1	-15.130	3.2916777134
	8.60	2.5912718773	2.5913	1.9215	3.9968	3.8633	-0.034	1.004	0.086	0.358	0.590	0.759	0.4787	0.0000	0.1	1	-15.153	3.2936773300
	8.60	2.6474308968	2.6474	1.9693	3.9901	3.7980	-0.153	0.883	-0.059	0.206	0.435	0.599	0.4787	0.0000	0.1	1	-15.173	3.2952988148
	8.60	2.6961138248	2.6961	2.0104	3.9817	3.7311	-0.256	0.780	-0.194	0.064	0.287	0.446	0.4787	0.0000	0.2	1	-15.190	3.2966337204
	8.60	2.7384052277	2.7384	2.0464	3.9720	3.6632	-0.346	0.692	-0.319	-0.071	0.147	0.299	0.4787	0.0000	0.2	1	-15.205	3.2977433205
	8.60	2.7573914528	2.7574	2.0633	3.9676	3.6314	-0.388	0.653	-0.374	-0.133	0.082	0.231	0.4787	0.0000	0.2	1	-15.211	3.2982273102
	8.60	2.7750179768	2.7750	2.0810	3.9642	3.6029	-0.433	0.611	-0.429	-0.192	0.020	0.167	0.4787	0.0000	0.2	1	-15.217	3.2986688614
	8.60	2.7858712673	2.7859	2.0946	3.9637	3.5891	-0.466	0.577	-0.465	-0.228	-0.016	0.131	0.4787	0.0000	0.2	1	-15.221	3.2989370823
	8.60	2.7944388390	2.7944	2.1098	3.9671	3.5888	-0.504	0.536	-0.493	-0.251	-0.036	0.112	0.4787	0.0000	0.2	1	-15.224	3.2991468906
	8.60	2.8004505634	2.8005	2.1280	3.9753	3.6044	-0.550	0.483	-0.515	-0.260	-0.039	0.113	0.4787	0.0000	0.2	1	-15.226	3.2992930412
	8.60	2.8045058250	2.8045	2.1594	3.9937	3.6472	-0.629	0.398	-0.524	-0.251	-0.019	0.142	0.4787	0.0000	0.2	1	-15.227	3.2993912697
	8.60	2.8056578636	2.8057	2.1887	4.0095	3.6815	-0.702	0.323	-0.533	-0.246	-0.006	0.163	0.4787	0.0000	0.2	1	-15.228	3.2994191647
	8.60	2.8062458038	2.8062	2.2192	4.0239	3.7087	-0.778	0.247	-0.547	-0.249	-0.003	0.174	0.4787	0.0000	0.2	1	-15.228	3.2994332314
	8.60	2.8063936234	2.8064	2.1986	4.0197	3.7123	-0.727	0.299	-0.514	-0.219	0.025	0.200	0.4787	0.0000	0.2	1	-15.228	3.2994368076
	8.60	2.8065929413	2.8066	2.1655	4.0040	3.6828	-0.644	0.381	-0.498	-0.216	0.022	0.189	0.4787	0.0000	0.2	1	-15.228	3.2994415760
	8.60	2.8068587780	2.8069	2.1727	3.9877	3.6104	-0.662	0.366	-0.580	-0.312	-0.084	0.073	0.4787	0.0000	0.2	1	-15.228	3.2994480133
	8.60	2.8072552681	2.8073	2.1900	3.9698	3.5214	-0.705	0.330	-0.688	-0.439	-0.222	-0.075	0.4787	0.0000	0.2	1	-15.228	3.2994575500
	8.60	2.8078303337	2.8078	2.1998	3.9493	3.4298	-0.729	0.323	-0.773	-0.552	-0.350	-0.215	0.4787	0.0000	0.3	1	-15.228	3.2994716167
	8.60	2.8081979752	2.8082	2.2018	3.9376	3.3809	-0.735	0.335	-0.797	-0.599	-0.409	-0.281	0.4787	0.0000	0.3	1	-15.228	3.2994804382
	8.60	2.8087542057	2.8088	2.1996	3.9211	3.3174	-0.729	0.367	-0.811	-0.649	-0.478	-0.359	0.4787	0.0000	0.3	1	-15.229	3.2994937897
	8.60	2.8094055653	2.8094	2.1936	3.9018	3.2460	-0.714	0.419	-0.795	-0.686	-0.542	-0.435	0.4787	0.0000	0.4	1	-15.229	3.2995095253
	8.60	2.8101270199	2.8101	2.1832	3.8789	3.1652	-0.688	0.483	-0.735	-0.707	-0.600	-0.509	0.4787	0.0000	0.4	1	-15.229	3.2995266914
	8.60	2.8106286526	2.8106	2.1727	3.8612	3.1051	-0.662	0.540	-0.668	-0.705	-0.630	-0.553	0.4787	0.0000	0.5	1	-15.229	3.2995388508
	8.60	2.8111333847	2.8111	2.1589	3.8415	3.0400	-0.627	0.617	-0.581	-0.691	-0.653	-0.592	0.4787	0.0000	0.5	1	-15.229	3.2995510101
	8.60	2.8116357327	2.8116	2.1409	3.8197	2.9708	-0.582	0.726	-0.468	-0.660	-0.662	-0.621	0.4787	0.0000	0.6	1	-15.229	3.2995629311
	8.60	2.8121290207	2.8121	2.1172	3.7966	2.9021	-0.523	0.885	-0.327	-0.608	-0.652	-0.634	0.4787	0.0000	0.7	1	-15.229	3.2995748520
	8.60	2.8126077652	2.8126	2.0850	3.7743	2.8452	-0.442	1.108	-0.155	-0.528	-0.611	-0.617	0.4787	0.0000	0.8	1	-15.230	3.2995862961
	8.60	2.8130683899	2.8131	2.0430	3.7562	2.8150	-0.337	1.385	0.036	-0.416	-0.530	-0.557	0.4787	0.0000	0.8	1	-15.230	3.2995975018
	8.60	2.8135147095	2.8135	1.9898	3.7413	2.8086	-0.204	1.686	0.248	-0.271	-0.410	-0.456	0.4787	0.0000	0.8	1	-15.230	3.2996082306
	8.60	2.8139450550	2.8139	1.9359	3.7286	2.8116	-0.070	1.980	0.453	-0.124	-0.285	-0.346	0.4787	0.0000	0.8	1	-15.230	3.2996184826
	8.60	2.8143696785	2.8144	1.9140	3.7175	2.7894	-0.015	2.197	0.575	-0.052	-0.232	-0.308	0.4787	0.0000	0.8	1	-15.230	3.2996284962
	8.60	2.8149702549	2.8150	1.9623	3.7064	2.6966	-0.136	2.257	0.525	-0.154	-0.352	-0.444	0.4787	0.0000	1.0	1	-15.230	3.2996430397
	8.60	2.8155682087	2.8156	2.0227	3.6988	2.6061	-0.287	2.234	0.424	-0.291	-0.502	-0.604	0.4787	0.0000	1.2	1	-15.230	3.2996573448
	8.60	2.8162868023	2.8163	2.0890	3.6927	2.5154	-0.453	2.185	0.305	-0.440	-0.662	-0.773	0.4787	0.0000	1.3	1	-15.230	3.2996745110
	8.60	2.8171136379	2.8171	2.1585	3.6874	2.4249	-0.626	2.117	0.171	-0.600	-0.832	-0.951	0.4787	0.0000	1.6	1	-15.230	3.2996942997
	8.60	2.8177816868	2.8178	2.2139	3.6834	2.3537	-0.765	2.061	0.064	-0.728	-0.967	-1.092	0.4787	0.0000	1.8	1	-15.230	3.2997102737
	8.60	2.8185904026	2.8186	2.2810	3.6789	2.2687	-0.933	1.987	-0.069	-0.883	-1.131	-1.262	0.4787	0.0000	2.1	1	-15.230	3.2997295856
	8.60	2.8193404675	2.8193	2.3428	3.6751	2.1917	-1.087	1.914	-0.194	-1.028	-1.282	-1.419	0.4787	0.0000	2.4	1	-15.230	3.2997474670
	8.60	2.8200027943	2.8200	2.3966	3.6716	2.1240	-1.221	1.857	-0.296	-1.148	-1.410	-1.553	0.4787	0.0000	2.7	1	-15.230	3.2997632027
	8.60	2.8206703663	2.8207	2.4527	3.6676	2.0520	-1.362	1.805	-0.400	-1.272	-1.543	-1.693	0.4787	0.0000	3.0	1	-15.230	3.2997789383
	8.60	2.8213026524	2.8213	2.5078	3.6635	1.9806	-1.500	1.759	-0.500	-1.394	-1.673	-1.831	0.4787	0.0000	3.4	1	-15.230	3.2997941971
	8.60	2.8219351768	2.8219	2.5643	3.6592	1.9070	-1.641	1.718	-0.601	-1.518	-1.806	-1.971	0.4787	0.0000	3.9	1	-15.229	3.2998092175
	8.60	2.8225169182	2.8225	2.6144	3.6554	1.8417	-1.766	1.683	-0.691	-1.628	-1.923	-2.096	0.4787	0.0000	4.3	1	-15.229	3.2998230457
	8.60	2.8229978085	2.8230	2.6465	3.6528	1.7995	-1.846	1.663	-0.748	-1.698	-1.999	-2.176	0.4787	0.0000	4.6	1	-15.229	3.2998344898
	8.60	2.8235805035	2.8236	2.6138	3.6555	1.8430	-1.765	1.681	-0.691	-1.627	-1.922	-2.094	0.4787	0.0000	4.3	1	-15.229	3.2998483181
	8.60	2.8244652748	2.8245	2.5714	3.6589	1.8994	-1.658	1.707	-0.617	-1.535	-1.823	-1.989	0.4787	0.0000	3.9	1	-15.230	3.2998692989
	8.60	2.8257126808	2.8257	2.5224	3.6628	1.9639	-1.536	1.740	-0.530	-1.427	-1.708	-1.867	0.4787	0.0000	3.5	1	-15.231	3.2998988628
	8.60	2.8270418644	2.8270	2.4739	3.6665	2.0274	-1.415	1.777	-0.443	-1.321	-1.594	-1.746	0.4787	0.0000	3.1	1	-15.232	3.2999303341
	8.60	2.8283112049	2.8283	2.4185	3.6706	2.0996	-1.276	1.824	-0.342	-1.199	-1.463	-1.608	0.4787	0.0000	2.8	1	-15.233	3.2999603748
	8.60	2.8294177055	2.8294	2.3672	3.6742	2.1651	-1.148	1.874	-0.246	-1.085	-1.341	-1.481	0.4787	0.0000	2.5	1	-15.234	3.2999863625
	8.60	2.8306529522	2.8307	2.3086	3.6783	2.2404	-1.001	1.934	-0.133	-0.951	-1.199	-1.332	0.4787	0.0000	2.2	1	-15.234	3.3000156879
	8.60	2.8319957256	2.8320	2.2474	3.6827	2.3194	-0.848	1.996	-0.014	-0.810	-1.050	-1.176	0.4787	0.0000	1.9	1	-15.235	3.3000473976
	8.60	2.8338463306	2.8338	2.1730	3.6879	2.4148	-0.663	2.074	0.132	-0.637	-0.868	-0.987	0.4787	0.0000	1.6	1	-15.236	3.3000907898
	8.60	2.8360707760	2.8361	2.1050	3.6932	2.5046	-0.492	2.136	0.261	-0.482	-0.703	-0.813	0.4787	0.0000	1.4	1	-15.237	3.3001430035
	8.60	2.8400385380	2.8400	2.0316	3.6996	2.6041	-0.309	2.198	0.396	-0.316	-0.525	-0.626	0.4787	0.0000	1.2	1	-15.238	3.3002359867
	8.60	2.8481662273	2.8482	1.9865	3.7090	2.6881	-0.196	2.156	0.447	-0.220	-0.413	-0.501	0.4787	0.0000	1.0	1	-15.241	3.3004255295
	8.60	2.9241123199	2.9241	2.1152	3.7146	2.5933	-0.518	1.757	0.090	-0.552	-0.736	-0.816	0.4787	0.0000	1.2	1	-13.527	3.3021292686
	8.60	2.9694778919	2.9695	2.1916	3.7157	2.5279	-0.709	1.555	-0.109	-0.746	-0.928	-1.006	0.4787	0.0000	1.3	1	-13.520	3.3030931950
	8.60	3.0000000000	3.0000	2.2262	3.7121	2.4832	-0.796	1.529	-0.172	-0.827	-1.015	-1.098	0.4787	0.0000	1.4	1	-13.516	3.3037204742
	8.60	3.0545787811	3.0546	2.2910	3.7047	2.3966	-0.958	1.493	-0.286	-0.977	-1.177	-1.270	0.4787	0.0000	1.7	1	-13.508	3.3048019409
	8.60	3.0738091469	3.0738	2.3346	3.6896	2.2953	-1.066	1.658	-0.284	-1.048	-1.276	-1.391	0.4787	0.0000	2.0	1	-13.505	3.3051710129
	8.60	3.0752596855	3.0753	2.4020	3.6824	2.1996	-1.235	1.632	-0.398	-1.197	-1.438	-1.564	0.4787	0.0000	2.4	1	-13.505	3.3051986694
	8.60	3.0754106045	3.0754	2.4327	3.6795	2.1572	-1.312	1.615	-0.452	-1.266	-1.512	-1.642	0.4787	0.0000	2.6	1	-13.505	3.3052015305
	8.60	3.0755646229	3.0756	2.4991	3.6743	2.0702	-1.478	1.557	-0.576	-1.417	-1.673	-1.811	0.4787	0.0000	3.0	1	-13.505	3.3052043915
	8.60	3.0757129192	3.0757	2.5665	3.6692	1.9822	-1.646	1.503	-0.698	-1.565	-1.831	-1.979	0.4787	0.0000	3.5	1	-13.505	3.3052072525
	8.60	3.0790812969	3.0791	2.6608	3.6610	1.8556	-1.882	1.454	-0.858	-1.768	-2.051	-2.213	0.4787	0.0000	4.3	1	-13.504	3.3052711487
	8.60	3.0796451569	3.0796	2.7215	3.6559	1.7745	-2.034	1.422	-0.962	-1.899	-2.193	-2.364	0.4787	0.0000	5.0	1	-13.504	3.3052818775
	8.60	3.0802054405	3.0802	2.7764	3.6504	1.6978	-2.171	1.412	-1.049	-2.014	-2.320	-2.500	0.4787	0.0000	5.7	1	-13.504	3.3052923679
	8.60	3.0810482502	3.0810	2.8583	3.6444	1.5918	-2.376	1.368	-1.186	-2.186	-2.508	-2.701	0.4787	0.0000	6.8	1	-13.504	3.3053083420
	8.60	3.0816104412	3.0816	2.9186	3.6399	1.5138	-2.527	1.338	-1.286	-2.312	-2.646	-2.848	0.4787	0.0000	7.8	1	-13.504	3.3053190708
	8.60	3.0821721554	3.0822	2.9871	3.6345	1.4237	-2.698	1.319	-1.395	-2.454	-2.801	-3.015	0.4787	0.0000	9.1	1	-13.504	3.3053295612
	8.60	3.0826787949	3.0827	3.0593	3.6286	1.3279	-2.878	1.308	-1.508	-2.601	-2.965	-3.191	0.4787	0.0000	10.7	1	-13.504	3.3053390980
	8.60	3.0830843449	3.0831	3.1266	3.6231	1.2390	-3.046	1.306	-1.607	-2.736	-3.116	-3.354	0.4787	0.0000	12.5	1	-13.504	3.3053467274
	8.60	3.0834150314	3.0834	3.1863	3.6177	1.1574	-3.196	1.336	-1.676	-2.844	-3.244	-3.496	0.4787	0.0000	14.4	1	-13.504	3.3053531647
	8.60	3.0837626457	3.0838	3.2581	3.6121	1.0634	-3.375	1.347	-1.774	-2.982	-3.402	-3.668	0.4787	0.0000	16.9	1	-13.504	3.3053596020
	8.60	3.0840470791	3.0840	3.3213	3.6069	0.9794	-3.533	1.368	-1.855	-3.102	-3.540	-3.820	0.4787	0.0000	19.6	1	-13.504	3.3053650856
	8.60	3.0843343735	3.0843	3.3874	3.6022	0.8945	-3.699	1.377	-1.949	-3.232	-3.687	-3.979	0.4787	0.0000	22.7	1	-13.504	3.3053703308
	8.60	3.0846498013	3.0846	3.4655	3.5953	0.7889	-3.894	1.407	-2.019	-3.354	-3.846	-4.162	0.4787	0.0000	27.2	1	-13.503	3.3053762913
	8.60	3.0847964287	3.0848	3.5284	3.5898	0.7038	-4.051	1.419	-2.068	-3.444	-3.971	-4.309	0.4787	0.0000	31.5	1	-13.503	3.3053791523
	8.60	3.0849225521	3.0849	3.5860	3.5848	0.6263	-4.195	1.426	-2.114	-3.529	-4.086	-4.443	0.4787	0.0000	36.0	1	-13.503	3.3053815365
	8.60	3.0850315094	3.0850	3.6405	3.5796	0.5512	-4.331	1.442	-2.150	-3.604	-4.192	-4.569	0.4787	0.0000	41.0	1	-13.018	3.3053836823
	8.60	3.0851461887	3.0851	3.6894	3.5751	0.4842	-4.453	1.455	-2.183	-3.671	-4.288	-4.681	0.4787	0.0000	46.0	1	-12.525	3.3053858280
	8.60	3.0852982998	3.0853	3.7390	3.5705	0.4162	-4.578	1.394	-2.139	-3.637	-4.348	-4.786	0.4787	0.0000	51.8	1	-12.025	3.3053886890
	8.60	3.0853698254	3.0854	3.7971	3.5649	0.3357	-4.723	1.308	-2.080	-3.587	-4.414	-4.907	0.4787	0.0000	59.5	1	-11.433	3.3053898811
	8.60	3.0854070187	3.0854	3.8443	3.5600	0.2691	-4.841	1.227	-2.023	-3.534	-4.463	-5.004	0.4787	0.0000	66.7	1	-10.943	3.3053905964
	8.60	3.0854184628	3.0854	3.8570	3.5586	0.2508	-4.873	1.203	-2.005	-3.518	-4.475	-5.030	0.4787	0.0000	68.9	1	-10.809	3.3053908348
	8.60	3.0854218006	3.0854	3.8574	3.5624	0.2654	-4.873	1.189	-2.138	-3.649	-4.529	-5.047	0.3664	0.0000	67.2	1	-10.916	3.3053908348
	8.60	3.0857331753	3.0857	3.9815	3.5508	0.0951	-5.184	0.923	-2.038	-3.555	-4.675	-5.306	0.3557	0.6618	90.1	1	-9.664	3.3053967953
	8.60	3.0863273144	3.0863	4.0980	3.5388	-0.0692	-5.475	0.950	-1.734	-3.289	-4.645	-5.493	0.3787	0.6792	119.7	1	-8.456	3.3054080009
	8.60	3.0876195431	3.0866	4.1916	3.5258	-0.2151	-5.709	1.095	-1.301	-2.901	-4.515	-5.607	0.7086	0.7188	154.0	1	-7.383	3.3054323196
	8.60	3.0880994797	3.0737	4.1993	3.4909	-0.3641	-5.728	0.293	-2.301	-3.977	-4.739	-5.478	1.0671	0.7235	148.5	0	-7.853	3.3054413795
	8.60	3.0882246494	3.0725	4.2006	3.4845	-0.3912	-5.731	0.499	-2.170	-3.902	-4.698	-5.457	1.1914	0.7243	147.6	0	-7.767	3.3054437637
	8.60	3.0884752274	3.0697	4.2030	3.4777	-0.4210	-5.738	0.711	-2.036	-3.828	-4.657	-5.437	1.5510	0.7258	145.6	0	-7.654	3.3054485321
	8.60	3.0889713764	3.0609	4.2068	3.4699	-0.4573	-5.747	0.952	-1.895	-3.755	-4.623	-5.425	2.0337	0.7286	146.2	0	-7.523	3.3054578304
	8.60	3.0896930695	3.0384	4.2111	3.4625	-0.4946	-5.758	1.179	-1.768	-3.692	-4.598	-5.421	2.7163	0.7327	153.4	0	-7.385	3.3054714203
	8.60	3.0901575089	3.0174	4.2134	3.4586	-0.5154	-5.763	1.297	-1.702	-3.660	-4.584	-5.418	3.1413	0.7354	158.3	0	-7.311	3.3054800034
	8.60	3.0906083584	2.9760	4.2138	3.4548	-0.5368	-5.765	1.415	-1.635	-3.625	-4.567	-5.412	3.5551	0.7382	164.0	0	-7.242	3.3054885864
	8.60	3.0908288956	2.9209	4.2122	3.4525	-0.5529	-5.760	1.495	-1.587	-3.597	-4.551	-5.403	3.6758	0.7397	168.2	0	-7.212	3.3054926395
	8.60	3.0909378529	2.8720	4.2097	3.4505	-0.5656	-5.754	1.565	-1.544	-3.572	-4.536	-5.392	3.8472	0.7405	172.5	0	-7.182	3.3054947853
	8.60	3.0910456181	2.7803	4.2049	3.4472	-0.5881	-5.742	1.678	-1.475	-3.530	-4.509	-5.375	3.9369	0.7414	179.2	0	-7.149	3.3054966927
	8.60	3.0911526680	2.5707	4.1934	3.4405	-0.6373	-5.713	1.911	-1.334	-3.441	-4.453	-5.337	4.0308	0.7425	202.5	0	-7.091	3.3054988384
	8.60	3.0912582874	2.1741	4.1732	3.4270	-0.7440	-5.663	2.375	-1.054	-3.269	-4.345	-5.268	4.1292	0.7438	296.4	0	-6.681	3.3055007458
	8.60	3.0913450718	1.3560	4.1453	3.3952	-1.0484	-5.593	3.411	-0.452	-2.914	-4.144	-5.156	4.1431	0.7449	784.4	0	-4.058	3.3055024147
	8.60	3.0913612843	1.0228	4.1428	3.5203	-0.6679	-5.587	-0.477	-2.769	-4.188	-4.809	-5.452	4.1446	0.7458	510.3	0	-4.860	3.3055026531
	8.60	3.0914595127	0.7508	4.1342	3.6728	-0.1834	-5.566	-1.909	-4.558	-5.527	-5.802	-5.937	4.1507	0.7509	418.1	0	-10.758	3.3055045605
#	Isochrone	Z = 0.01000		Age = 	3.981e+09 yr
# log(age/yr)	M_ini   	M_act	logL/Lo	logTe	logG	mbol    u       g       r       i       z	C/O	M_hec	period	pmode	logMdot	int_IMF
	9.60	0.1500000060	0.1500	-2.4637	3.5350	5.1638	10.929	16.653	13.528	12.013	11.059	10.509	0.4787	0.0000	0.0	1	-17.817	1.9609395266
	9.60	0.2000000030	0.2000	-2.1836	3.5563	5.0939	10.229	15.405	12.510	11.068	10.267	9.799	0.4787	0.0000	0.0	1	-17.692	2.2217822075
	9.60	0.2500000000	0.2500	-1.9934	3.5679	5.0468	9.753	14.589	11.873	10.474	9.746	9.314	0.4787	0.0000	0.0	1	-17.573	2.4080901146
	9.60	0.3000000119	0.3000	-1.8428	3.5771	5.0124	9.377	13.961	11.370	10.005	9.335	8.934	0.4787	0.0000	0.0	1	-16.636	2.5475041866
	9.60	0.3499999940	0.3500	-1.7163	3.5851	4.9848	9.061	13.467	10.951	9.618	8.997	8.625	0.4787	0.0000	0.0	1	-15.843	2.6555202007
	9.60	0.4000000060	0.4000	-1.5707	3.5924	4.9264	8.697	12.950	10.496	9.195	8.616	8.271	0.4787	0.0000	0.0	1	-15.157	2.7413372993
	9.60	0.4499999881	0.4500	-1.4467	3.6014	4.8895	8.387	12.450	10.065	8.801	8.284	7.975	0.4787	0.0000	0.0	1	-14.551	2.8109800816
	9.60	0.5000000000	0.5000	-1.3162	3.6121	4.8477	8.061	11.992	9.632	8.418	7.947	7.669	0.4787	0.0000	0.0	1	-14.009	2.8684780598
	9.60	0.5500000119	0.5500	-1.1773	3.6246	4.8002	7.713	11.486	9.159	8.002	7.587	7.346	0.4787	0.0000	0.0	1	-13.519	2.9166350365
	9.60	0.6000000238	0.6000	-1.0439	3.6373	4.7552	7.380	10.945	8.689	7.609	7.238	7.026	0.4787	0.0000	0.0	1	-13.072	2.9573988914
	9.60	0.6363544464	0.6363	-0.9325	3.6502	4.7209	7.101	10.448	8.271	7.268	6.941	6.759	0.4787	0.0000	0.0	1	-12.770	2.9833378792
	9.60	0.6999999881	0.6999	-0.7494	3.6719	4.6659	6.644	9.596	7.594	6.725	6.454	6.311	0.4787	0.0000	0.0	1	-12.280	3.0225379467
	9.60	0.7953407168	0.7952	-0.4631	3.7151	4.6081	5.928	8.143	6.545	5.898	5.712	5.634	0.4787	0.0000	0.0	1	-11.640	3.0698404312
	9.60	0.8257970214	0.8256	-0.3758	3.7282	4.5893	5.710	7.725	6.249	5.659	5.496	5.435	0.4787	0.0000	0.0	1	-11.526	3.0826864243
	9.60	0.8470205665	0.8468	-0.3185	3.7355	4.5722	5.566	7.480	6.069	5.510	5.358	5.306	0.4787	0.0000	0.0	1	-11.509	3.0910789967
	9.60	0.8969457150	0.8966	-0.1872	3.7519	4.5315	5.238	6.930	5.660	5.170	5.044	5.012	0.4787	0.0000	0.0	1	-11.723	3.1092183590
	9.60	0.9353522658	0.9350	-0.0897	3.7637	4.4992	4.994	6.557	5.369	4.925	4.817	4.799	0.4787	0.0000	0.0	1	-12.090	3.1218235493
	9.60	0.9664589167	0.9660	-0.0132	3.7724	4.4720	4.803	6.271	5.142	4.732	4.638	4.630	0.4787	0.0000	0.0	1	-12.447	3.1312813759
	9.60	0.9773910642	0.9770	0.0130	3.7754	4.4624	4.737	6.175	5.064	4.667	4.576	4.572	0.4787	0.0000	0.0	1	-12.575	3.1344585419
	9.60	0.9968044162	0.9963	0.0693	3.7817	4.4399	4.597	5.988	4.902	4.529	4.448	4.450	0.4787	0.0000	0.0	1	-12.798	3.1399250031
	9.60	1.0146433115	1.0141	0.1219	3.7873	4.4174	4.465	5.815	4.752	4.399	4.327	4.336	0.4787	0.0000	0.0	1	-12.994	3.1447560787
	9.60	1.0297750235	1.0291	0.1673	3.7920	4.3971	4.352	5.668	4.622	4.288	4.222	4.237	0.4787	0.0000	0.0	1	-13.150	3.1487126350
	9.60	1.0428208113	1.0421	0.2075	3.7959	4.3781	4.251	5.540	4.508	4.189	4.129	4.148	0.4787	0.0000	0.0	1	-13.277	3.1520242691
	9.60	1.0541806221	1.0534	0.2434	3.7991	4.3596	4.161	5.427	4.407	4.100	4.045	4.068	0.4787	0.0000	0.0	1	-13.381	3.1548359394
	9.60	1.0641759634	1.0633	0.2763	3.8019	4.3420	4.079	5.332	4.316	4.020	3.969	3.995	0.4787	0.0000	0.0	1	-13.467	3.1572561264
	9.60	1.0731316805	1.0722	0.3063	3.8043	4.3251	4.004	5.247	4.234	3.946	3.900	3.928	0.4787	0.0000	0.0	1	-13.539	3.1593835354
	9.60	1.0752068758	1.0742	0.3131	3.8047	4.3210	3.987	5.229	4.216	3.929	3.884	3.912	0.4787	0.0000	0.0	1	-13.555	3.1598708630
	9.60	1.1337591410	1.1325	0.4399	3.8129	4.2497	3.670	4.882	3.873	3.617	3.585	3.622	0.4787	0.0000	0.0	1	-13.933	3.1728329659
	9.60	1.1776169538	1.1760	0.5317	3.8089	4.1582	3.441	4.677	3.652	3.384	3.346	3.379	0.4787	0.0000	0.1	1	-14.126	3.1816332340
	9.60	1.2220776081	1.2200	0.6165	3.7950	4.0339	3.229	4.545	3.478	3.163	3.105	3.123	0.4787	0.0000	0.1	1	-14.266	3.1898601055
	9.60	1.2299431562	1.2278	0.6364	3.7933	4.0101	3.179	4.508	3.434	3.113	3.052	3.068	0.4787	0.0000	0.1	1	-14.286	3.1912486553
	9.60	1.2353184223	1.2331	0.6649	3.7961	3.9946	3.108	4.419	3.352	3.042	2.986	3.005	0.4787	0.0000	0.1	1	-14.299	3.1921868324
	9.60	1.2377227545	1.2354	0.6978	3.8021	3.9864	3.026	4.302	3.250	2.962	2.915	2.941	0.4787	0.0000	0.1	1	-14.305	3.1926033497
	9.60	1.2391141653	1.2368	0.7625	3.8164	3.9793	2.864	4.084	3.045	2.809	2.785	2.826	0.4787	0.0000	0.1	1	-14.308	3.1928439140
	9.60	1.2397696972	1.2374	0.7639	3.8159	3.9765	2.860	4.082	3.043	2.805	2.780	2.821	0.4787	0.0000	0.1	1	-14.310	3.1929569244
	9.60	1.2412018776	1.2389	0.7664	3.8150	3.9708	2.854	4.080	3.039	2.798	2.772	2.812	0.4787	0.0000	0.1	1	-14.313	3.1932034492
	9.60	1.2471338511	1.2447	0.7764	3.8104	3.9445	2.829	4.076	3.026	2.770	2.737	2.772	0.4787	0.0000	0.1	1	-14.327	3.1942179203
	9.60	1.2589104176	1.2562	0.8078	3.7765	3.7812	2.751	4.210	3.058	2.678	2.592	2.589	0.4787	0.0000	0.1	1	-14.352	3.1962015629
	9.60	1.2662574053	1.2634	0.7468	3.7463	3.7241	2.903	4.673	3.342	2.839	2.706	2.667	0.4787	0.0000	0.1	1	-14.366	3.1974184513
	9.60	1.2698913813	1.2670	0.7084	3.7287	3.6933	2.999	4.999	3.528	2.951	2.789	2.728	0.4787	0.0000	0.1	1	-14.373	3.1980144978
	9.60	1.2714247704	1.2685	0.7011	3.7217	3.6728	3.017	5.117	3.586	2.978	2.805	2.734	0.4787	0.0000	0.1	1	-14.376	3.1982648373
	9.60	1.2763870955	1.2733	0.7723	3.7084	3.5502	2.839	5.145	3.489	2.823	2.628	2.539	0.4787	0.0000	0.2	1	-14.385	3.1990702152
	9.60	1.2797038555	1.2765	0.8402	3.7040	3.4657	2.670	5.046	3.346	2.661	2.458	2.363	0.4787	0.0000	0.2	1	-14.391	3.1996045113
	9.60	1.2824571133	1.2792	0.9038	3.7011	3.3917	2.510	4.934	3.204	2.507	2.299	2.200	0.4787	0.0000	0.2	1	-14.396	3.2000458241
	9.60	1.2846800089	1.2813	0.9618	3.6989	3.3254	2.365	4.829	3.075	2.367	2.155	2.053	0.4787	0.0000	0.2	1	-14.399	3.2004003525
	9.60	1.2867110968	1.2832	1.0204	3.6968	3.2589	2.219	4.723	2.944	2.226	2.010	1.905	0.4787	0.0000	0.3	1	-14.403	3.2007231712
	9.60	1.2885848284	1.2850	1.0802	3.6946	3.1910	2.070	4.614	2.811	2.083	1.863	1.754	0.4787	0.0000	0.3	1	-14.406	3.2010200024
	9.60	1.2900378704	1.2863	1.1325	3.6927	3.1316	1.939	4.519	2.695	1.957	1.734	1.622	0.4787	0.0000	0.3	1	-14.408	3.2012495995
	9.60	1.2914329767	1.2875	1.1877	3.6906	3.0687	1.801	4.420	2.572	1.825	1.598	1.483	0.4787	0.0000	0.4	1	-14.410	3.2014694214
	9.60	1.2927064896	1.2887	1.2442	3.6883	3.0032	1.660	4.322	2.448	1.690	1.458	1.340	0.4787	0.0000	0.4	1	-14.412	3.2016694546
	9.60	1.2937644720	1.2896	1.2964	3.6862	2.9427	1.529	4.235	2.334	1.565	1.329	1.208	0.4787	0.0000	0.4	1	-14.413	3.2018353939
	9.60	1.2947239876	1.2903	1.3484	3.6838	2.8817	1.399	4.152	2.222	1.441	1.202	1.076	0.4787	0.0000	0.5	1	-14.415	3.2019855976
	9.60	1.2956002951	1.2910	1.4008	3.6816	2.8204	1.268	4.067	2.108	1.316	1.072	0.944	0.4787	0.0000	0.5	1	-14.416	3.2021226883
	9.60	1.2963370085	1.2916	1.4497	3.6795	2.7635	1.146	3.987	2.001	1.199	0.952	0.820	0.4787	0.0000	0.6	1	-14.417	3.2022376060
	9.60	1.2970583439	1.2921	1.5009	3.6773	2.7036	1.018	3.905	1.890	1.077	0.826	0.691	0.4787	0.0000	0.7	1	-14.417	3.2023501396
	9.60	1.2976517677	1.2924	1.5476	3.6755	2.6499	0.901	3.825	1.787	0.965	0.710	0.573	0.4787	0.0000	0.7	1	-14.418	3.2024426460
	9.60	1.2981624603	1.2927	1.5906	3.6736	2.5994	0.794	3.758	1.696	0.864	0.606	0.465	0.4787	0.0000	0.8	1	-14.418	3.2025220394
	9.60	1.2986540794	1.2929	1.6332	3.6714	2.5479	0.687	3.698	1.610	0.766	0.503	0.359	0.4787	0.0000	0.9	1	-14.419	3.2025983334
	9.60	1.2991569042	1.2931	1.6696	3.6696	2.5044	0.596	3.645	1.535	0.683	0.416	0.268	0.4787	0.0000	0.9	1	-14.419	3.2026765347
	9.60	1.2996519804	1.2933	1.7018	3.6680	2.4660	0.515	3.600	1.469	0.608	0.338	0.187	0.4787	0.0000	1.0	1	-14.419	3.2027533054
	9.60	1.3002929688	1.2935	1.6452	3.6717	2.5372	0.657	3.665	1.578	0.735	0.473	0.329	0.4787	0.0000	0.9	1	-14.419	3.2028527260
	9.60	1.3008427620	1.2937	1.7102	3.6682	2.4586	0.495	3.577	1.447	0.587	0.317	0.166	0.4787	0.0000	1.0	1	-14.420	3.2029378414
	9.60	1.3013925552	1.2938	1.7749	3.6644	2.3785	0.333	3.500	1.320	0.440	0.162	0.005	0.4787	0.0000	1.2	1	-14.419	3.2030229568
	9.60	1.3019195795	1.2937	1.8431	3.6603	2.2938	0.162	3.422	1.188	0.286	-0.001	-0.165	0.4787	0.0000	1.3	1	-14.419	3.2031042576
	9.60	1.3023551702	1.2936	1.9063	3.6567	2.2164	0.004	3.345	1.062	0.142	-0.152	-0.323	0.4787	0.0000	1.5	1	-14.418	3.2031717300
	9.60	1.3027391434	1.2933	1.9685	3.6531	2.1398	-0.151	3.272	0.939	0.001	-0.301	-0.478	0.4787	0.0000	1.7	1	-14.418	3.2032308578
	9.60	1.3030716181	1.2929	2.0271	3.6493	2.0657	-0.298	3.214	0.829	-0.129	-0.440	-0.623	0.4787	0.0000	2.0	1	-14.417	3.2032821178
	9.60	1.3033984900	1.2923	2.0912	3.6452	1.9851	-0.458	3.158	0.715	-0.267	-0.588	-0.781	0.4787	0.0000	2.3	1	-14.415	3.2033324242
	9.60	1.3036794662	1.2916	2.1548	3.6413	1.9056	-0.617	3.105	0.601	-0.405	-0.736	-0.937	0.4787	0.0000	2.6	1	-14.413	3.2033758163
	9.60	1.3039261103	1.2908	2.2162	3.6375	1.8288	-0.770	3.055	0.490	-0.538	-0.879	-1.087	0.4787	0.0000	3.0	1	-14.411	3.2034137249
	9.60	1.3041325808	1.2898	2.2748	3.6337	1.7547	-0.917	3.012	0.387	-0.664	-1.015	-1.231	0.4787	0.0000	3.4	1	-14.409	3.2034456730
	9.60	1.3043104410	1.2888	2.3307	3.6299	1.6830	-1.057	2.978	0.290	-0.782	-1.144	-1.368	0.4787	0.0000	3.9	1	-14.406	3.2034728527
	9.60	1.3044881821	1.2875	2.3917	3.6254	1.6036	-1.209	2.950	0.189	-0.910	-1.284	-1.516	0.4787	0.0000	4.4	1	-14.403	3.2035002708
	9.60	1.3046431541	1.2860	2.4523	3.6214	1.5265	-1.361	2.925	0.094	-1.032	-1.420	-1.663	0.4787	0.0000	5.1	1	-14.399	3.2035241127
	9.60	1.3047751188	1.2843	2.5098	3.6174	1.4523	-1.504	2.915	0.010	-1.146	-1.548	-1.802	0.4787	0.0000	5.8	1	-14.394	3.2035443783
	9.60	1.3048897982	1.2825	2.5640	3.6133	1.3811	-1.640	2.917	-0.065	-1.251	-1.668	-1.933	0.4787	0.0000	6.5	1	-14.389	3.2035620213
	9.60	1.3049988747	1.2803	2.6215	3.6090	1.3059	-1.784	2.917	-0.146	-1.363	-1.796	-2.071	0.4787	0.0000	7.4	1	-14.383	3.2035787106
	9.60	1.3050963879	1.2779	2.6782	3.6050	1.2325	-1.926	2.914	-0.229	-1.476	-1.922	-2.208	0.4787	0.0000	8.4	1	-14.376	3.2035937309
	9.60	1.3051824570	1.2753	2.7328	3.6015	1.1630	-2.062	2.903	-0.314	-1.586	-2.045	-2.340	0.4787	0.0000	9.5	1	-14.368	3.2036070824
	9.60	1.3052685261	1.2720	2.7916	3.5973	1.0861	-2.209	2.895	-0.386	-1.689	-2.171	-2.480	0.4787	0.0000	10.9	1	-14.359	3.2036201954
	9.60	1.3053317070	1.2690	2.8394	3.5931	1.0204	-2.329	2.902	-0.424	-1.757	-2.266	-2.592	0.4787	0.0000	12.2	1	-14.349	3.2036299706
	9.60	1.3053890467	1.2656	2.8856	3.5891	0.9571	-2.444	2.911	-0.462	-1.824	-2.358	-2.701	0.4787	0.0000	13.6	1	-14.339	3.2036387920
	9.60	1.3054465055	1.2616	2.9355	3.5847	0.8881	-2.569	2.923	-0.500	-1.896	-2.457	-2.817	0.4787	0.0000	15.4	1	-14.326	3.2036476135
	9.60	1.3055038452	1.2566	2.9914	3.5794	0.8093	-2.709	2.943	-0.536	-1.972	-2.566	-2.947	0.4787	0.0000	17.7	1	-14.309	3.2036564350
	9.60	1.3055440187	1.2523	3.0321	3.5754	0.7511	-2.810	2.961	-0.559	-2.026	-2.645	-3.041	0.4787	0.0000	19.6	1	-14.294	3.2036626339
	9.60	1.3055899143	1.2463	3.0832	3.5713	0.6818	-2.938	2.914	-0.544	-2.023	-2.719	-3.151	0.4787	0.0000	22.1	1	-14.257	3.2036695480
	9.60	1.3056243658	1.2409	3.1249	3.5679	0.6242	-3.042	2.867	-0.519	-2.007	-2.774	-3.240	0.4787	0.0000	24.5	1	-13.810	3.2036747932
	9.60	1.3056645393	1.2332	3.1739	3.5631	0.5535	-3.165	2.810	-0.468	-1.964	-2.830	-3.341	0.4787	0.0000	27.8	1	-13.254	3.2036809921
	9.60	1.3056932688	1.2263	3.2125	3.5594	0.4975	-3.261	2.756	-0.428	-1.930	-2.873	-3.421	0.4787	0.0000	30.7	1	-12.811	3.2036855221
	9.60	1.3057218790	1.2185	3.2521	3.5558	0.4410	-3.360	2.692	-0.398	-1.906	-2.922	-3.505	0.4787	0.0000	33.9	1	-12.358	3.2036898136
	9.60	1.3057450056	1.2106	3.2878	3.5518	0.3866	-3.450	2.633	-0.344	-1.856	-2.955	-3.577	0.4787	0.0000	37.4	1	-11.919	3.2036933899
	9.60	1.3057736158	1.1990	3.3310	3.5471	0.3200	-3.558	2.624	-0.236	-1.759	-2.955	-3.650	0.4787	0.0000	42.1	1	-11.372	3.2036976814
	9.60	1.3057966232	1.1877	3.3653	3.5431	0.2657	-3.643	2.656	-0.118	-1.657	-2.930	-3.699	0.4787	0.0000	46.4	1	-10.917	3.2037012577
	9.60	1.3057966232	1.1959	1.6991	3.6838	2.4977	0.522	3.319	1.347	0.560	0.322	0.197	0.4787	0.0000	0.9	1	-14.194	3.2037012577
	9.60	1.3062158823	1.1964	1.7308	3.6814	2.4567	0.443	3.288	1.286	0.487	0.244	0.116	0.4787	0.0000	1.0	1	-14.196	3.2037656307
	9.60	1.3065880537	1.1968	1.7386	3.6810	2.4474	0.424	3.277	1.269	0.469	0.225	0.096	0.4787	0.0000	1.0	1	-14.197	3.2038226128
	9.60	1.3067578077	1.1970	1.7379	3.6812	2.4489	0.425	3.276	1.270	0.470	0.227	0.098	0.4787	0.0000	1.0	1	-14.198	3.2038486004
	9.60	1.3072412014	1.1975	1.7345	3.6817	2.4547	0.434	3.273	1.274	0.477	0.235	0.107	0.4787	0.0000	1.0	1	-14.200	3.2039227486
	9.60	1.3077390194	1.1981	1.7327	3.6823	2.4588	0.438	3.268	1.275	0.480	0.239	0.112	0.4787	0.0000	1.0	1	-14.201	3.2039988041
	9.60	1.3082513809	1.1987	1.7319	3.6826	2.4613	0.440	3.263	1.274	0.481	0.240	0.114	0.4787	0.0000	1.0	1	-14.203	3.2040772438
	9.60	1.3087635040	1.1993	1.7310	3.6830	2.4640	0.442	3.258	1.273	0.482	0.242	0.116	0.4787	0.0000	1.0	1	-14.205	3.2041554451
	9.60	1.3092902899	1.1999	1.7306	3.6834	2.4661	0.443	3.252	1.271	0.482	0.243	0.118	0.4787	0.0000	1.0	1	-14.207	3.2042357922
	9.60	1.3094098568	1.2000	1.7306	3.6835	2.4665	0.443	3.250	1.270	0.482	0.243	0.118	0.4787	0.0000	1.0	1	-14.207	3.2042539120
	9.60	1.3095498085	1.2002	1.7306	3.6836	2.4669	0.444	3.249	1.270	0.482	0.243	0.118	0.4787	0.0000	1.0	1	-14.208	3.2042753696
	9.60	1.3101820946	1.2009	1.7305	3.6841	2.4692	0.444	3.240	1.266	0.481	0.242	0.118	0.4787	0.0000	1.0	1	-14.210	3.2043716908
	9.60	1.3108093739	1.2015	1.7312	3.6844	2.4703	0.442	3.231	1.262	0.478	0.240	0.117	0.4787	0.0000	1.0	1	-14.212	3.2044670582
	9.60	1.3114329576	1.2022	1.7319	3.6848	2.4712	0.440	3.223	1.257	0.475	0.238	0.115	0.4787	0.0000	1.0	1	-14.214	3.2045619488
	9.60	1.3120526075	1.2029	1.7336	3.6850	2.4706	0.436	3.215	1.251	0.470	0.234	0.111	0.4787	0.0000	1.0	1	-14.216	3.2046561241
	9.60	1.3121037483	1.2030	1.7338	3.6850	2.4705	0.436	3.215	1.251	0.470	0.233	0.111	0.4787	0.0000	1.0	1	-14.216	3.2046637535
	9.60	1.3126417398	1.2036	1.7362	3.6848	2.4674	0.430	3.213	1.247	0.464	0.228	0.104	0.4787	0.0000	1.0	1	-14.218	3.2047455311
	9.60	1.3132272959	1.2042	1.7395	3.6843	2.4623	0.421	3.214	1.242	0.457	0.220	0.096	0.4787	0.0000	1.0	1	-14.220	3.2048342228
	9.60	1.3138350248	1.2049	1.7443	3.6841	2.4571	0.409	3.206	1.231	0.446	0.208	0.084	0.4787	0.0000	1.0	1	-14.222	3.2049262524
	9.60	1.3144742250	1.2056	1.7516	3.6837	2.4485	0.391	3.196	1.216	0.429	0.190	0.065	0.4787	0.0000	1.0	1	-14.224	3.2050228119
	9.60	1.3150758743	1.2063	1.7619	3.6831	2.4360	0.365	3.183	1.195	0.404	0.165	0.039	0.4787	0.0000	1.0	1	-14.226	3.2051138878
	9.60	1.3159360886	1.2072	1.7800	3.6821	2.4143	0.320	3.158	1.157	0.362	0.120	-0.007	0.4787	0.0000	1.1	1	-14.229	3.2052435875
	9.60	1.3161691427	1.2075	1.7899	3.6816	2.4024	0.295	3.146	1.137	0.338	0.096	-0.032	0.4787	0.0000	1.1	1	-14.230	3.2052786350
	9.60	1.3164894581	1.2078	1.8046	3.6804	2.3831	0.258	3.133	1.109	0.305	0.060	-0.070	0.4787	0.0000	1.1	1	-14.231	3.2053270340
	9.60	1.3179793358	1.2095	1.8834	3.6741	2.2798	0.061	3.065	0.962	0.126	-0.131	-0.270	0.4787	0.0000	1.4	1	-14.235	3.2055511475
	9.60	1.3180721998	1.2096	1.9227	3.6707	2.2267	-0.037	3.040	0.896	0.042	-0.222	-0.368	0.4787	0.0000	1.5	1	-14.235	3.2055649757
	9.60	1.3181407452	1.2096	1.9859	3.6653	2.1420	-0.195	2.998	0.787	-0.095	-0.370	-0.525	0.4787	0.0000	1.7	1	-14.235	3.2055754662
	9.60	1.3181616068	1.2097	2.0352	3.6613	2.0766	-0.318	2.964	0.700	-0.201	-0.485	-0.647	0.4787	0.0000	1.9	1	-14.235	3.2055785656
	9.60	1.3181784153	1.2097	2.1230	3.6540	1.9597	-0.537	2.908	0.547	-0.391	-0.691	-0.866	0.4787	0.0000	2.4	1	-14.234	3.2055809498
	9.60	1.3181864023	1.2097	2.1857	3.6487	1.8757	-0.694	2.878	0.443	-0.525	-0.836	-1.021	0.4787	0.0000	2.7	1	-14.234	3.2055821419
	9.60	1.3181959391	1.2097	2.2540	3.6432	1.7854	-0.865	2.851	0.334	-0.665	-0.991	-1.187	0.4787	0.0000	3.2	1	-14.233	3.2055835724
	9.60	1.3182098866	1.2097	2.3066	3.6391	1.7163	-0.996	2.828	0.250	-0.774	-1.111	-1.315	0.4787	0.0000	3.6	1	-14.232	3.2055857182
	9.60	1.3182708025	1.2098	2.2352	3.6449	1.8112	-0.818	2.853	0.362	-0.628	-0.949	-1.142	0.4787	0.0000	3.0	1	-14.233	3.2055947781
	9.60	1.3183168173	1.2098	2.2222	3.6459	1.8282	-0.786	2.859	0.383	-0.601	-0.920	-1.110	0.4787	0.0000	3.0	1	-14.234	3.2056016922
	9.60	1.3184943199	1.2100	2.2871	3.6408	1.7428	-0.948	2.832	0.279	-0.735	-1.067	-1.268	0.4787	0.0000	3.4	1	-14.234	3.2056283951
	9.60	1.3185822964	1.2101	2.3487	3.6361	1.6626	-1.102	2.803	0.178	-0.863	-1.208	-1.418	0.4787	0.0000	3.9	1	-14.233	3.2056417465
	9.60	1.3186568022	1.2102	2.4268	3.6297	1.5590	-1.297	2.780	0.054	-1.023	-1.385	-1.608	0.4787	0.0000	4.7	1	-14.232	3.2056529522
	9.60	1.3187124729	1.2103	2.4970	3.6242	1.4669	-1.472	2.761	-0.056	-1.167	-1.544	-1.779	0.4787	0.0000	5.5	1	-14.230	3.2056612968
	9.60	1.3187644482	1.2103	2.5635	3.6186	1.3780	-1.639	2.777	-0.140	-1.292	-1.689	-1.939	0.4787	0.0000	6.5	1	-14.228	3.2056689262
	9.60	1.3188298941	1.2104	2.6618	3.6102	1.2458	-1.884	2.812	-0.262	-1.474	-1.902	-2.174	0.4787	0.0000	8.1	1	-14.225	3.2056787014
	9.60	1.3188643456	1.2104	2.7266	3.6051	1.1608	-2.046	2.823	-0.349	-1.598	-2.044	-2.329	0.4787	0.0000	9.4	1	-14.222	3.2056839466
	9.60	1.3188792467	1.2104	2.7784	3.6009	1.0923	-2.176	2.837	-0.417	-1.697	-2.157	-2.453	0.4787	0.0000	10.6	1	-14.219	3.2056860924
	9.60	1.3189055920	1.2105	2.8451	3.5955	1.0038	-2.343	2.840	-0.483	-1.802	-2.294	-2.611	0.4787	0.0000	12.4	1	-14.215	3.2056901455
	9.60	1.3189241886	1.2105	2.9076	3.5888	0.9146	-2.499	2.884	-0.509	-1.877	-2.412	-2.755	0.4787	0.0000	14.5	1	-14.209	3.2056930065
	9.60	1.3189396858	1.2105	2.9708	3.5832	0.8290	-2.657	2.898	-0.557	-1.967	-2.537	-2.903	0.4787	0.0000	16.9	1	-14.203	3.2056953907
	9.60	1.3189531565	1.2105	3.0279	3.5772	0.7479	-2.800	2.932	-0.583	-2.038	-2.645	-3.033	0.4787	0.0000	19.5	1	-14.196	3.2056972980
	9.60	1.3189671040	1.2105	3.0868	3.5719	0.6676	-2.947	2.905	-0.571	-2.050	-2.735	-3.162	0.4787	0.0000	22.5	1	-14.031	3.2056994438
	9.60	1.3189818859	1.2106	3.1460	3.5667	0.5878	-3.095	2.838	-0.530	-2.020	-2.811	-3.287	0.4787	0.0000	26.0	1	-13.434	3.2057015896
	9.60	1.3189980984	1.2106	3.2036	3.5612	0.5084	-3.239	2.762	-0.474	-1.974	-2.878	-3.407	0.4787	0.0000	30.0	1	-12.838	3.2057039738
	9.60	1.3190140724	1.2106	3.2587	3.5552	0.4293	-3.377	2.681	-0.393	-1.901	-2.930	-3.519	0.4787	0.0000	34.6	1	-12.242	3.2057063580
	9.60	1.3190205097	1.2106	3.3157	3.5476	0.3416	-3.519	2.646	-0.224	-1.745	-2.931	-3.616	0.4787	0.0000	40.6	1	-11.578	3.2057073116
	9.60	1.3190231323	1.2106	3.3618	3.5414	0.2708	-3.635	2.714	-0.024	-1.569	-2.875	-3.675	0.4787	0.0000	46.2	1	-11.039	3.2057077885
	9.60	1.3190232515	1.2106	3.3618	3.5472	0.2938	-3.635	2.545	-0.318	-1.842	-3.035	-3.728	0.4262	0.0000	44.3	1	-11.214	3.2057077885
	9.60	1.3190625906	1.2106	3.4561	3.5408	0.1741	-3.870	2.499	-0.227	-1.775	-3.093	-3.905	0.4114	0.5360	55.2	1	-10.297	3.2057137489
	9.60	1.3191033602	1.2106	3.5571	3.5300	0.0300	-4.123	2.560	0.070	-1.516	-3.046	-4.059	0.4114	0.5452	160.6	0	-9.066	3.2057197094
	9.60	1.3191627264	1.2084	3.6971	3.5146	-0.1723	-4.473	2.738	0.585	-1.062	-2.911	-4.203	0.4114	0.5650	252.3	0	-7.576	3.2057287693
	9.60	1.3192118406	1.1774	3.8006	3.5019	-0.3382	-4.731	2.954	1.080	-0.623	-2.741	-4.263	0.4161	0.5885	364.8	0	-6.336	3.2057361603
	9.60	1.3192259073	1.1244	3.8280	3.4964	-0.4076	-4.800	3.042	1.287	-0.480	-2.673	-4.256	0.4248	0.5964	424.6	0	-5.703	3.2057383060
	9.60	1.3192361593	0.8737	3.8423	3.4918	-0.5499	-4.836	3.117	1.462	-0.378	-2.614	-4.234	0.4256	0.6021	573.2	0	-4.051	3.2057397366
	9.60	1.3192380667	0.6036	3.8487	3.9290	1.0320	-4.852	-3.904	-4.923	-4.740	-4.548	-4.479	0.4256	0.6036	10.3	1	-13.124	3.2057399750
