# Amplitude - Mean Offset - Sigma - Hessian error
0.565480400675 0.0318558281008 0.215568790803 0.633332880616
0.499495083651 -0.148538628839 0.278620808091 1.87750393017
0.492197364498 0.254123571233 0.311089143528 1.52140683231
0.872030043586 0.274231713781 0.360304216539 1.10273795765
0.554364307561 -0.0806670852039 0.0875416442498 1.56215667261
5.07481664183 -0.144743217023 1.97498960042 0.257376472333
1.98488378038 0.1650784518 0.31144778606 0.488564182532
0.828375957565 0.242772345324 0.288362422439 0.44807156099
0.6013004176 0.249477088718 0.304683024844 1.2739371387
1.95294317843 0.233789112251 0.327340145234 0.55474408682
0.899824900664 -0.144265001723 0.284362685215 0.627458034071

