fitness : parameters : metadata

ps_separation_82_2s_mix0_2
-2.84631445663565 : [0.48705790283536, 15.168217959098746, -20.0, 75.99999408169865, 1.9444114554386647, 4.267872724084003, 3.297330548270281, 1.000001298643396, -1.9774603627302656, 0.02611626293065551, 20.97351679165444, 1.706516819026796E-5, 0.028662285692248917, 1.0186952130818532] : gen: 3048407, rl: 0.04147507663448935, rg: 0.17094236217745762

ps_separation_82_2s_mix1_2
-2.89396583379471 : [0.4899093767119569, 17.78536066862473, -2.051815854453694, -0.02363093581797303, 21.171406222756033, 3.120012918969621, 3.65668336874731, 1.0, -10.258521320727564, 72.52693382638242, 9.936044423843533, 3.692560966306522, 6.275706049347919, 19.999995949066456] : gen: 3047958, rl: 0.22936496873352574, rg: 0.17854163757159358

ps_separation_82_2s_mix2_2
-2.93873928785384 : [0.5000721990665815, 20.54157162326143, -2.155980732881172, -0.10856126717222614, 21.270020950791256, 6.282175262894856, 3.2184340840934467, 1.0, -20.0, -47.49808427473511, 18.60001005794778, 1.2342893272604023, 1.493909235242437, 12.533876156541933] : gen: 2967476, rl: 0.6220473597980816, rg: 0.1962204795529613

ps_separation_82_2s_mix3_2
-2.98302138207876 : [0.5219978245369199, 23.178917674437518, -18.97068081042969, 68.27179101401138, 0.8516684914468527, 0.011816050858112095, 2.028890729782219, 19.318700566037798, -2.1662849031432803, -0.12041677273421103, 21.532311992244843, 6.270020716263435, 6.260288126060972, 1.022217217687595] : gen: 2903840, rl: 0.7672826100000664, rg: 0.022598230855942147

ps_separation_82_2s_mix4_2
-3.02307539843782 : [0.524132368765169, 27.34240131040878, -2.2711430546949334, 0.08458658189180462, 21.79952725158546, 6.283185307179586, 6.283185307179586, 1.0, -20.0, 68.45418434017716, 0.7, 0.0, 0.0, 1.0] : gen: 2979381, rl: 0.122272061050272, rg: 0.5144444666660183
