#distance (kpc), blue-in-blue, b-y, b-r; y-b, y-y, y-r; r-b, r-y, r-r
1.0	67.0	0.0	0.0	0.0	2591.0	0.0	0.0	0.0	146.0
2.0	66.16	0.74	0.0	1.22	2551.55	0.91	0.0	2.24	134.38
3.0	64.85	1.58	0.0	1.96	2474.32	2.04	0.0	2.57	121.53
4.0	62.51	2.76	0.0	3.0	2378.18	3.37	0.0	2.54	110.88
5.0	60.74	3.5	0.0	4.24	2286.78	4.33	0.0	3.03	103.72
6.0	58.3	4.44	0.0	6.1	2198.48	6.52	0.0	3.06	98.09
7.0	55.76	5.65	0.0	7.92	2113.29	8.08	0.0	3.31	93.75
8.0	53.1	6.78	0.0	11.14	2042.31	12.19	0.0	3.5	89.99
9.0	50.88	7.97	0.0	16.56	1967.2	15.89	0.0	4.18	87.38
10.0	49.34	8.61	0.0	22.53	1896.32	21.87	0.0	4.7	85.48
11.0	47.18	9.42	0.0	31.35	1831.71	28.46	0.0	4.96	83.24
12.0	45.22	10.0	0.01	43.66	1760.09	35.3	0.0	5.23	81.46
13.0	43.35	10.48	0.0	58.54	1696.01	44.77	0.0	5.93	78.82
14.0	41.93	10.59	0.05	75.72	1633.8	52.77	0.01	6.81	75.91
15.0	40.27	11.25	0.03	96.02	1568.45	60.63	0.07	7.41	75.53
16.0	38.89	11.87	0.17	120.61	1508.39	69.29	0.14	8.27	74.36
17.0	38.24	11.9	0.18	142.36	1444.16	79.25	0.25	9.19	71.78
18.0	36.79	11.65	0.37	167.0	1386.86	88.49	0.26	9.62	70.78
19.0	36.15	12.12	0.49	191.71	1328.64	98.82	0.57	10.32	68.8
20.0	34.67	12.43	0.36	214.56	1278.31	106.87	0.69	10.83	67.64
21.0	34.35	11.81	0.51	237.64	1223.94	116.27	1.13	11.76	67.25
22.0	33.22	12.63	0.55	260.43	1180.49	125.7	1.24	11.92	66.03
23.0	32.55	13.0	0.59	281.37	1128.56	134.31	1.74	12.01	64.53
24.0	31.78	12.61	0.78	299.21	1088.55	145.55	1.81	12.37	63.9
25.0	31.08	12.03	0.96	318.91	1049.32	151.27	2.19	12.96	62.17
26.0	30.61	12.52	1.06	330.61	1010.65	159.84	2.82	13.5	61.91
27.0	30.15	12.35	1.03	347.15	978.71	169.14	3.32	13.7	60.46
28.0	29.55	12.63	1.36	361.51	944.17	177.4	3.31	13.08	60.2
29.0	29.16	11.73	1.29	376.9	910.88	186.7	4.03	14.16	58.74
30.0	28.54	12.07	1.4	390.62	881.47	191.47	4.58	13.63	58.57
31.0	27.94	12.31	1.73	398.44	858.86	202.43	4.87	13.6	58.17
32.0	28.05	11.77	1.72	409.05	830.41	210.32	5.39	14.39	56.75
33.0	26.65	12.32	1.95	421.64	803.59	215.01	5.41	14.11	56.47
34.0	26.78	12.49	2.1	432.67	783.19	225.89	5.83	14.37	56.12
35.0	26.55	11.96	2.06	440.88	760.29	230.0	6.91	13.95	54.38
36.0	26.62	11.26	2.24	446.26	738.56	238.2	7.0	13.77	53.65
37.0	26.39	11.29	2.32	455.13	718.16	242.25	7.25	13.79	54.5
38.0	26.11	11.34	2.61	466.22	696.2	250.73	8.06	14.34	53.67
39.0	25.65	11.31	2.62	466.12	682.17	257.71	8.54	13.07	53.72
40.0	24.73	11.5	2.88	475.37	664.72	262.56	8.9	13.32	52.8
41.0	24.73	10.79	2.88	481.62	644.77	271.83	9.32	13.86	51.28
42.0	24.82	11.08	3.0	486.32	631.26	278.42	9.88	13.43	52.41
43.0	24.38	11.22	3.24	489.36	616.89	282.67	9.8	13.87	51.25
44.0	24.54	11.19	3.45	495.06	600.57	290.03	10.02	12.37	52.17
45.0	24.35	10.39	3.28	499.63	589.49	295.14	10.92	13.92	49.15
46.0	23.82	10.59	3.42	502.36	574.35	300.24	10.57	13.47	51.07
47.0	23.66	10.55	3.84	508.0	562.49	310.68	12.11	13.41	48.8
48.0	23.52	10.67	3.71	512.78	545.06	314.72	12.07	13.46	48.8
49.0	23.84	10.64	3.97	517.48	537.83	318.98	11.83	13.79	48.57
50.0	22.61	10.57	3.89	524.62	524.89	323.16	12.46	13.22	49.54
51.0	22.56	10.37	4.07	523.45	509.97	331.25	13.2	12.72	49.04
52.0	23.09	9.96	4.15	528.26	504.63	338.0	13.44	12.76	48.24
53.0	22.53	10.44	4.42	530.48	494.44	339.02	14.1	13.11	47.09
54.0	22.54	10.09	4.55	533.51	484.2	342.9	14.14	12.31	48.79
55.0	22.35	10.03	4.55	537.16	474.1	347.65	15.11	12.06	47.49
56.0	22.41	9.66	4.92	537.86	464.14	354.56	14.75	11.65	47.05
57.0	22.39	9.98	4.75	544.1	457.25	358.71	14.95	12.38	47.24
58.0	22.28	9.24	5.34	540.81	448.75	363.84	15.3	11.84	47.25
59.0	21.47	9.65	5.19	544.79	438.68	369.71	15.42	11.7	46.87
60.0	22.29	9.34	5.21	548.26	431.41	372.1	15.8	11.27	46.54
61.0	21.43	9.22	5.11	551.33	420.66	374.04	16.01	11.46	46.16
62.0	21.49	8.98	5.69	552.36	409.82	380.32	15.96	11.58	45.76
63.0	21.95	8.99	5.72	554.26	404.73	383.21	16.51	11.72	45.11
64.0	22.15	9.11	5.43	556.88	400.03	386.6	16.83	10.85	47.2
65.0	21.45	9.39	5.73	559.36	392.89	392.74	17.64	10.79	45.0
66.0	22.0	9.05	5.22	562.63	386.28	395.35	17.36	10.93	45.34
67.0	21.44	8.76	5.78	562.83	376.96	399.48	18.67	11.33	44.22
68.0	20.8	8.76	5.93	564.25	369.35	406.55	17.79	10.87	45.1
69.0	20.75	8.48	6.47	565.78	365.23	408.98	17.98	10.86	44.54
70.0	21.39	8.7	6.04	565.55	361.93	409.73	18.92	10.92	44.74
71.0	21.38	8.59	6.41	566.9	353.68	414.23	18.67	11.03	44.42
72.0	20.56	8.64	6.36	569.56	346.94	419.53	18.8	10.94	44.51
73.0	20.43	9.01	6.79	572.99	342.6	419.44	19.21	10.1	42.91
74.0	20.8	8.35	6.72	572.18	338.05	422.76	19.8	10.67	43.95
75.0	20.83	8.3	6.48	574.06	329.12	425.89	20.01	9.53	43.62
76.0	20.77	7.78	6.71	578.67	326.4	431.73	20.04	10.46	44.02
77.0	20.67	8.0	7.14	571.88	319.32	436.39	19.89	10.2	44.58
78.0	20.48	8.34	7.04	578.03	316.64	437.34	20.59	9.77	44.19
79.0	20.19	8.31	7.14	580.79	309.41	439.75	20.4	9.83	43.53
80.0	20.65	7.94	7.17	581.05	307.36	443.31	21.1	9.7	42.78
