# - Done reading in data

6.39622659195 -1.89490363989 36.8331983706
49.4543400597 -9.25995246732 10.151162497
54.7342898244 3.11222632671 12.3079912321
28.2628341816 0.723769600964 15.0899712483
44.4011746212 0.169983836757 1.84149691078
19.3912457324 -6.39074680957 24.3814643962
54.6895128859 -1.45633770561 11.4677376869
23.3702878697 -8.27663335228 21.0615687273
21.2140417712 -2.7790814709 22.0630015468
39.8341507659 -17.4581155447 16.5627764425
54.8360504685 1.42258190256 11.9150005997
35.4824805417 -7.07058771369 9.68781507539
48.3931449231 3.84179458201 7.25310689926
48.5909624294 -14.3004528859 14.1148582879
47.5895707248 -8.03129282758 8.06861534466
37.4194593422 -3.99298887393 6.42151649157
53.1157360511 -0.167450744843 9.95064147531
49.1827545386 11.4054680923 13.9845251941
51.8543246281 4.15343635116 10.1803841749
52.3775604393 -2.39087281832 9.22518527872
48.8338751909 5.89085225127 9.07782940949
16.0334668768 -1.77209681478 27.1953310382
44.4995888266 -12.5321574609 11.3581627492
46.2004572701 -3.52187993588 3.74715974213
46.1723345758 -9.21901976942 8.50090074104
54.3492253222 -1.83813355615 11.1412714697
43.6873223452 -11.329227514 10.0939967781
46.8207979741 4.3192199797 6.62641994841
17.317298644 -8.34106621683 26.8604465341
49.186767995 3.89442302454 7.87279184185
50.2637231397 1.0164704324 7.39459794979
21.4361865378 -5.96146431734 22.2919880187
18.7991550006 -6.67400951099 25.020457019
18.8775012963 -1.36932801635 24.3465181362
45.326937223 -4.21290390053 3.63686555017
47.1958596977 7.15008886351 9.28818330727
48.9617868625 -5.08176763267 6.90214281191
35.4996779272 -8.01621539859 10.2712226283
29.6719993115 -0.00639222348801 13.6082734087
52.660954138 0.123945489233 9.53614566825
53.9019220926 1.11726316019 10.9365785202
37.2752132335 -4.41868632508 6.74175430815
20.8002356773 -3.14664223853 22.5038869405
51.0788801602 3.14484291197 8.9990127192
19.8760164231 -6.99024945981 24.0439675159
21.079931497 -5.7466536976 22.5965418795
55.3758614337 -2.81569480454 12.2531293286
52.9204337356 10.4730570261 15.2105253364
53.0146672116 0.899643113721 10.0232826718
50.0171848265 0.819629940144 7.10054173031
45.0337170764 -6.42614412331 5.48737104149
55.0167700725 6.87126803656 14.316581092
46.3202812453 -5.77505416132 5.48654393179
53.1046710591 3.46355568035 10.9458794171
55.5473388993 6.56036407268 14.5879886729
54.3198475077 8.17189781788 14.5540010388
51.9958190677 -1.88012965566 8.79501152767
52.2106884998 2.57198024382 9.76431910666
20.7880823833 -1.76291863508 22.4415809179
50.2046441864 -2.0772597043 7.03026870574
52.1102286953 7.64062092264 12.5674274917
49.0843908666 -2.85755656131 6.07824911659
22.6602227381 0.25875151756 20.6184574919
35.3859760073 -5.23900972528 8.7963104695
50.5577166521 11.4342924609 14.6483637865
32.6970641154 -11.9145255161 14.9876658275
56.2393828554 -0.0439136383623 13.0710582027
50.8933350078 -2.45473176341 7.76431043185
15.7840689688 -0.750473449396 27.444109341
53.173046623 7.97247863518 13.5634643586
53.379980035 2.868550237 10.9580315563
35.2807361329 -3.04737334926 8.14470038948
18.6402701871 -3.32215041065 24.6709591451
51.836331281 7.80676092481 12.4951059534
40.654481267 -19.6132424602 18.5461802553
59.4402135982 -46.2358001498 47.8232968819
28.9565719854 -8.09353741036 15.8253434071
40.410824794 -6.07160825712 5.58568931173
52.3106943362 -4.20585048587 9.55692180023
51.9928443875 7.9795021813 12.7281387591
10.461685493 -0.732528453613 32.766042669
49.4926767401 3.06190633305 7.60638148861
42.8588482636 -7.25941926126 6.02459431987
53.6195565956 2.86606100828 11.1795252742
47.0986064921 4.58239102509 6.99883070919
53.3611756095 -3.21268087582 10.3264985954
23.9012578843 -6.10004051706 19.9228477459
52.6949900613 -2.00182702512 9.50140324827
21.1099465541 -1.17099711571 22.113886721
57.2521344594 4.99019523503 15.3520508943
48.5520031415 3.78223898781 7.32616944267
34.1260202521 -13.2479868297 15.0604908516
9.69704148114 -1.20982240082 33.5266843902
48.2336484266 -7.68670467423 8.15988350281
20.9837948999 -2.3867836953 22.269156266
52.5021649046 3.82755830565 10.5749515424
52.9127682505 1.14243865547 9.97907809451
45.866753876 -13.8730626066 12.9008277922
30.8534879949 -21.2785149576 23.5441848007
51.8255049479 2.77414797469 9.49481901187
49.8516788971 -3.40164091314 6.96974242235
52.3950510676 5.1115850828 11.1593443064
20.3931281098 -4.36669612597 23.0428900434
53.750393459 -5.76151038323 11.4543453363
28.338079998 -10.1024970688 17.3211282487
48.5960643966 8.0701771802 10.7541253381
52.9205165576 6.51715577302 12.4214693492
32.4494336381 -6.23702975196 11.8741946465
20.1787517291 2.05082859992 23.2795671886
55.7483657791 -0.193040544586 12.5688332154
45.1276986697 1.54387810116 3.37756639234
52.7371186555 -4.97330384363 10.2175670022
49.8840352259 0.0803890206094 6.79109543442
50.9898153136 -1.44548966675 7.76867357803
52.3724018951 -0.531619926697 9.17653529106
32.0253197843 0.76686567617 11.377830322
43.8361205574 -10.1408368945 8.91601094163
52.1933459101 -2.0220531542 9.00315895902
26.2538037229 -12.9647780672 20.623047664
53.2290300657 -0.641872783799 10.0235387341
18.0893215673 -1.36301635875 25.1346578453
19.0617314126 -3.6289795208 24.2792130605
22.7669326123 -6.03411869504 21.0096833757
49.6646240383 8.51567680761 11.6950191975
23.8563956101 -5.31548891953 19.7902607475
46.2650540447 1.1917207728 3.89765422487
18.7992849409 -1.60999482007 24.4271354164
48.3552270041 0.553960233979 5.43800878292
49.0021603037 6.24895883907 9.4637828985
48.2816842574 2.15828618992 6.0968441739
22.1379251531 -8.19455823849 22.2012219933
8.98426682403 0.511928686756 34.2845319448
48.0436911643 -1.98305231187 4.87603020727
9.70363770694 1.31101582467 33.6174470084
21.8839348681 -6.37149978021 21.9467035576
18.5055604085 -8.66135271228 25.8065094941
50.6217688157 -5.24534210595 8.40993444616
51.9251297986 -1.13349091171 8.7021491509
49.5416448958 4.80172754892 8.74585286771
36.2960095473 -5.01403903359 7.88618936339
53.7292192284 7.52706226305 13.6868685736
46.0450471173 3.96561170775 5.92618282142
12.3429720565 -0.0262642859768 30.9048091543
52.3690174978 4.3479221422 10.7204184881
20.4912516531 -7.63834220568 23.614149015
31.1628908691 0.250790526567 12.1533248778
51.5162775314 10.4817605654 14.3632992185
21.5107351781 -3.04937005598 21.7877416747
52.5870911897 -10.9826632061 13.508436509
51.586410513 3.50874931281 9.61984145961
51.5929715126 9.92319406549 13.956822188
54.6547247695 -1.69816300105 11.4399622439
54.8773279867 -9.1298297687 14.0699504893
47.3008806912 7.64995595338 9.78566834345
16.3033248473 2.29955322041 27.1528463886
16.3541780922 3.01624914892 27.2054650461
46.9093467303 -2.59556285697 3.92499414976
21.3884580564 -1.10144641673 21.8357261303
57.5456640135 -37.901445989 39.3541452252
51.8219071509 6.3950108869 11.5027091688
33.1161923593 -6.97758973521 11.6195654284
54.9046962538 3.58633520082 12.6410386212
53.436766106 2.3992324795 10.8440516294
48.0940199644 5.13240743419 8.02511966725
48.7674331405 3.5102116521 7.30433735188
23.6196728097 8.47939831137 21.8837665353
36.2934597559 0.919274148005 7.26059406967
32.0133888588 -15.2525289448 17.9403830611
49.6183582436 9.21610623893 12.2615168532
52.7876981329 -25.6748103399 26.2343746734
51.9258832704 2.98830818914 9.67761634795
50.2679493698 -4.90304073052 7.93701194786
19.0385865757 -4.82630768198 24.4487108804
54.188004532 1.07163743929 11.2065487114
46.3795459362 -1.23176927939 3.15587101931
53.7118051835 -5.71130432433 11.3991315332
15.8153452715 3.92576820922 27.8920103789
45.7890859923 -22.3715231487 21.2808325173
21.2449806147 -2.66597322605 22.0245555251
39.6482924363 -13.5955219516 12.8567943636
46.961094764 -11.5085085503 10.9219755076
53.5689863153 2.46564507616 10.9909170465
18.32084463 -7.35668779631 25.641654788
42.0415692014 -17.1967477848 15.9946093273
36.5985056066 -20.6921056532 20.5438275848
53.7427612491 8.81938137758 14.5588483597
51.7437236564 2.79580950891 9.43005690238
27.0344491081 -7.83244124525 17.4778374018
51.7401890628 1.33464995662 8.89885539348
48.8140595653 3.10007459792 7.08091783383
69.8742437793 -24.0877360587 35.0998771734
49.7611446573 2.32005030837 7.44674292448
51.2969346155 1.51832651675 8.53333863539
20.9281608328 -1.91836830825 22.3056851891
55.2306557301 1.34785979774 12.2839054623
20.4904901884 -0.887471649088 22.7360414706
50.1461339619 11.1316391836 14.1817863538
46.1909033539 -7.95969272268 7.34026530591
49.8404049914 0.467766029315 6.83500498267
36.9780575795 -15.8375105763 15.8721050215
37.4963280102 -7.85326834901 8.74416387019
31.9953210844 -4.19993104101 11.6104709992
15.8358863644 3.40966633187 27.780691723
32.5464818182 -5.36374230418 11.4437707736
16.9728069755 -9.18980001803 27.426548053
40.2802386464 -10.1815466898 9.40797979127
54.8116133288 2.64095046029 12.2223999924
51.2680527283 -0.577038246675 8.07210383048
47.4340443615 -3.36708881264 4.71449446672
55.9370371967 -18.3500618434 21.3115391953
54.2434748651 -0.379159071515 11.0538005287
52.8977623905 7.81204495189 13.2526760069
52.3329770606 6.80531916443 12.157329932
49.8954331993 6.15472199297 9.96397990756
33.6504621165 -3.29399560359 9.78988109047
47.9589709359 8.07423903408 10.4540618478
10.1195979018 0.381859328427 33.1441028024
53.5338295521 -4.70626577861 10.875333786
49.3405639404 5.36420448241 9.00606491302
13.08167605 -2.46450217338 30.1666542787
47.5621470761 -1.57446649862 4.35086586386
53.5664024358 -1.40021576084 10.3438473594
19.8948921772 -3.90131153537 23.4794564671
31.6339408274 -1.49399342987 11.5924210798
44.8017687123 3.33332500829 4.8434934507
15.9250051868 -0.86904631125 27.3013021352
52.3988068643 1.31480542 9.52573323311
38.2072876377 -10.6043648529 10.6181747796
18.7000355073 -6.45935303767 25.0717112494
48.9203427999 4.18706352681 7.87201220812
54.8888495913 -1.56654906713 11.669549709
45.835937674 -11.9971337219 11.0640471009
52.8164403368 0.549620450849 9.75932254162
51.2224722907 11.1651210235 14.7652728361
54.9558685238 4.12549694484 12.9033077777
54.4980621693 2.85129629345 11.9957482706
40.7315784569 -18.1393819635 17.0763286575
56.7794493563 -0.932125103155 13.5593734798
47.4757781396 -6.23308368933 6.55379901337
46.9599900721 -4.77566930065 5.13996153359
51.8155591596 2.00922851657 9.18780089023
54.7460061515 2.16504408624 12.016564199
21.0636687298 -7.48486310091 23.0215582101
24.6001038687 -4.44070883271 18.8956472387
48.5531123941 5.54394650115 8.63159056282
51.0428025157 3.36498206633 9.0773532448
49.1309888549 2.44723512324 6.96671432563
51.0170482856 0.124418890316 7.91289482564
20.5375852206 2.59675461259 23.0092582138
52.2590729536 11.5721613812 15.6824779881
43.225612019 -21.9057050547 20.6598218796
19.8479377659 -1.31270031997 23.3758642065
47.6053913667 6.31715348196 8.74063426011
34.4005331311 -9.47070559438 12.0621760181
55.7888866457 1.77762275827 12.9238284307
47.4335837372 -10.980732118 10.6061467446
56.0904398847 5.90106376361 14.7184129701
34.5918505 -6.58316947028 10.1486729026
54.196312068 0.529640855687 11.1153299244
34.7289971447 -5.21255036653 9.37520850798
36.9144961859 -18.2698601686 18.1554929482
15.9036492917 -9.2086423807 28.456827958
47.1733968946 -11.2188878341 10.7266432103
50.0681272075 6.78595673002 10.5525612434
53.059931102 2.97914479319 10.7052406292
47.1506027221 0.0957780423429 4.14976736334
46.8497608291 -8.71472557343 8.30252224415
20.2351854182 0.573119515717 23.0603744901
50.1711473295 6.6906329842 10.5477592183
51.243794648 -1.04260703914 8.02266386411
65.371749149 -6.0715692217 22.6676650568
34.2449669746 -3.7566337416 9.32317708919
20.8741486684 -5.29519248563 22.7134242127
51.3098206854 1.57864626732 8.56523263215
53.5272175341 4.66828311262 11.8802232302
61.6851613716 -18.0984397039 24.9966792871
45.4061498786 -11.9160615513 10.8910864427
46.6430373229 9.88842057065 11.6475124077
51.2117504986 -4.08731403574 8.47835928179
50.1366650622 8.96681734423 12.3324064999
53.7642382764 4.8013287531 12.15201974
53.8776248689 1.82129872581 11.086639817
52.3280462031 -4.21213578307 9.57536713878
51.2858643956 0.356005065588 8.21975890796
54.760278612 -14.5569729941 17.6146985904
51.1688788657 5.23820516196 10.2552019469
36.1067524816 -8.36736937089 10.0680980613
51.3342746001 7.20761820033 11.7150758535
53.0050120904 4.82426306337 11.5117598961
24.5005720542 -10.472726198 20.873197963
53.1485139217 -2.71667965173 10.033197138
49.0231725097 3.17066750729 7.28970005962
48.1842065638 4.71040879588 7.75138543693
50.6564924704 -8.03896154742 10.0693703967
52.449398301 1.74744960159 9.69914590317
12.8310593198 1.44080311656 30.5111665622
17.4167761057 -6.48350471926 26.3330654076
53.3519606336 4.09389472141 11.4496620545
49.0145981421 3.14198026925 7.26551943375
54.3362147528 14.8252658696 19.5389271608
53.7318317561 7.46563862851 13.649590123
30.5515099704 -3.82644150208 12.9322791941
48.1509803999 -2.60509203018 5.11130871442
50.8481237772 1.76652137872 8.19794613771
54.843675025 8.1864510898 14.9663823409
51.9663209427 -0.916374947604 8.74882182965
52.7672205849 -2.92087927605 9.68938972028
9.26237489737 -0.310564513482 33.9742088046
52.2822577225 8.81696930293 13.5395107892
41.9225890887 -12.7078103461 11.5355398191
53.0225911847 -0.0305748223856 9.8739615201
49.369762117 -8.25649185028 9.32323080702
18.089644263 3.89013890233 25.6534560462
48.2099990119 -1.49907443576 4.99271659551
53.0320850332 1.69294118147 10.2391883954
17.1494420313 -7.69399322235 26.8597354508
56.1435541448 1.44707872262 13.1975190088
53.8888994494 6.78291787833 13.3494565014
32.6178333375 -7.06688570194 12.0982897331
16.7523588995 -2.52445906136 26.5022074306
49.9091217323 9.2001123857 12.4021611913
29.9787941981 2.25520080645 13.6998281363
38.050354321 -20.2934481479 19.7376113192
55.6186488171 -10.5902079381 15.5225964072
51.4070574731 -0.187661181548 8.25148880396
21.3895549295 -0.684353832261 21.8413710455
21.0599078512 -7.60948996638 23.0592597419
53.4275954121 -1.46218816819 10.2061813227
56.8717350197 -2.91517217493 13.7497348536
50.3861972486 3.62600318188 8.66236408668
47.5317311064 -8.88158417123 8.7671548725
23.4972593655 -7.59131015846 20.7219004478
46.7525121522 1.76456484729 4.63845527203
52.5290401509 12.6672629981 16.7381263481
52.4629257377 6.70141027583 12.1869867941
43.3874574656 -15.3881706165 14.1432353433
53.5984681875 6.41502680816 12.8967136763
41.9123660576 -9.24785876296 8.1087129435
33.8866313131 -6.80978906152 10.8691315371
52.9221676391 -0.11836246256 9.76378267105
32.787050993 -2.10883148214 10.472270878
53.9702358379 -2.95734087323 10.8819566455
47.5516404258 9.72047929992 11.7894919363
9.23955485071 -1.74422869003 33.987805313
46.666117851 -1.48060557919 3.45040441486
46.7816722613 6.10931629949 8.17056186066
45.0495965808 0.0175519246587 2.22039256454
20.9004885174 -9.0010426854 23.6319393573
41.8883119412 -14.3356940873 13.157751555
52.8075996266 -1.66050515532 9.5928577179
48.482437628 10.2543291661 12.645518543
54.7304878392 -2.81240611755 11.6129243151
56.5909556289 -30.3859094037 32.0597017039
49.6369489697 2.32562485018 7.34066410203
53.5303713285 -2.57772829986 10.3923602489
53.3143567494 -1.16574388569 10.0909684976
50.8759998499 -5.98221877888 8.99947042713
50.8832828119 10.1778272597 13.7539184133
49.4781024163 -19.8712136966 19.6474019227
46.9145903141 2.32568022378 5.13601881141
30.8657605378 -6.41576002308 13.3957625231
54.2590753166 -3.2227562546 11.2110388559
51.3208447343 11.0696159357 14.7388998387
49.9455163538 12.4601307312 15.2655673859
53.4113009601 8.21257881255 13.9014238898
46.6264204079 -10.7606144782 10.1048786329
17.5093538516 2.33679713715 25.9627334818
53.1499261797 -0.56225039387 9.94973323587
55.211033942 0.0854064585108 12.0610261608
52.6323031604 6.38930463556 12.116838935
18.2910214059 -8.14192788094 25.8687884579
47.8586907538 -2.45663392063 4.79051107835
55.8296418126 3.16707932215 13.3560414958
48.3538888016 -0.896563776629 5.14206133533
51.1769040559 3.88825495701 9.46639989516
21.2407433871 0.485884815159 22.0510699725
51.0052617172 -1.01701244705 7.7849202816
47.111444782 -5.33894554688 5.64514552335
50.0383075808 0.315149079107 6.99110936565
10.002077336 -1.77868770869 33.2259013938
9.89015799143 1.44968693521 33.4423616601
53.1728005701 0.983751564468 10.1958690025
50.6277468776 -4.02257223494 7.90757964776
36.8593644705 -11.5161331654 12.0823376151
8.41803101767 0.188444700344 34.8352169644
53.5544224871 -6.06716087398 11.4003689003
54.7638276011 4.30786205458 12.8069700783
41.2707812947 -11.4628559678 10.4019444347
48.8313416976 -0.124339306668 5.71869159875
20.6202873953 0.145397300768 22.6461964982
47.2911066814 5.73267652482 8.07737835727
48.0533596328 4.74741711776 7.6970902976
54.7008692261 -33.5794651397 34.3101410915
46.0053940092 3.38149261511 5.39911039325
53.2694232401 12.0353651408 16.6525669021
51.6111850858 5.41139435304 10.70836788
54.0868730436 -2.24150245421 10.9086958618
17.0092627505 0.281984477916 26.2589306671
34.2074374763 -1.65810948563 9.02568762869
42.3131052066 -12.1283723876 10.9205203275
53.1909330661 9.04563434552 14.3269306045
53.2744304314 3.24718571979 11.0093015615
52.9126894022 10.7547259093 15.4237158497
53.3557214719 6.853625393 12.971498306
52.1764747953 4.33924434594 10.5520477136
32.5790273268 -4.71396365392 11.1953908298
46.7061514562 -6.08988656686 5.9658856035
45.0573429754 1.20675028184 3.06229229662
46.1881082558 1.03931505784 3.7429679755
42.9100984292 -21.0439185764 19.8005189901
10.2208268741 1.26653030341 33.0983728313
21.2936298325 -3.53767420893 22.049502657
45.2628138706 -15.1327800079 14.0358063595
52.697177719 -2.77515197615 9.59610963624
50.1073942544 5.25021294086 9.46490482214
37.091808818 -14.3061418496 14.4281157212
19.7592607023 -1.44325954251 23.4652758977
52.3041484914 11.6100133689 15.7393934244
22.9764067488 -5.80180822467 20.7535442415
15.6252627571 -3.50887034973 27.6910672668
49.5370196383 8.80979397306 11.8732711472
48.9949291089 -15.2725107833 15.1675077138
51.131868648 4.76914908633 9.93577591682
19.3531677731 1.00413633846 23.9763468083
49.2486383569 -2.53036854093 6.16033331679
48.0592903684 -0.221326285663 4.94293319403
52.5439654324 12.8738541333 16.9184577051
51.4355407308 -10.8507013365 12.6367223606
53.081409012 -26.0370624339 26.6791466118
53.8686968638 -2.41715589225 10.7092343277
52.7309080947 -12.6172369348 14.8220972507
51.5858640616 -4.61514188643 9.01540809522
22.6482770907 -5.985286164 21.1142187716
47.4576019861 13.1317267157 14.9880465663
50.0926885893 6.981787988 10.7180916892
17.7138743483 -4.56565301067 25.7249374434
37.314292704 -8.28454249853 9.19042409177
38.5667084073 -12.9146447564 12.5637425085
53.0577497418 -2.33943130502 9.89465786336
16.5415664802 -6.90263387282 27.2751796021
19.2299322947 -4.63015379794 24.231270842
33.4437656326 -2.33385310632 9.84027038857
9.49112615018 -1.78391535221 33.7368708404
20.7041029584 -3.66794532912 22.6494796261
49.3213966731 5.76001334882 9.28786375062
52.8745397635 0.220612324031 9.76161832949
49.0317867312 5.77835661342 9.11447980244
23.8600294491 -3.24291520798 19.4663844786
50.8648317045 -6.61833035054 9.34076990593
56.1070048041 6.8010605942 15.189887465
54.6471840958 2.12024227126 11.9090991261
21.7338770627 -7.08034769152 22.2677736531
53.3150300935 3.02892177587 10.9594146939
32.43090391 0.300923368147 10.9030820426
21.4012914151 0.207776455009 21.8707778955
36.4773757157 -11.8648886696 12.580789108
33.5093658659 -3.39292672449 9.94877927963
14.8524474097 2.35249223221 28.5985427483
40.6216411883 -5.6195497521 5.08917501465
48.3891890889 1.97556310107 6.08768652938
8.41781693627 0.490235814465 34.8491614855
49.6173971276 -22.3857058082 22.085546798
50.2575307556 9.71028173397 13.0196864558
31.3750712077 -4.3682472459 12.2531348891
52.5881544045 2.28791012501 10.0090249613
23.4986466067 -0.295140477626 19.7479593571
54.5201646359 4.73855342572 12.7837181365
56.3698432431 9.10223998522 16.7303486696
33.2065824132 -1.33731323297 10.0175413136
53.842019688 9.07167000785 14.80542066
36.8643074494 -5.73149266041 7.78220069592
54.9741527012 -23.4017550543 25.0789880433
20.3115993784 1.05923903317 23.027771072
46.7131675172 -18.1919490644 17.3016035236
56.1927650987 -4.11178787954 13.2819385173
47.6438063807 -3.42562341814 4.92834153576
32.2529964092 -3.10801357568 11.1276236778
52.7909144834 7.35780330324 12.866813574
19.3818377956 -0.825278150683 23.8455784357
35.9930642935 -2.32067223142 7.31008602738
53.6234441477 0.129285322007 10.4902636876
51.0166880232 5.90854402002 10.5790543581
41.881259113 -22.531032088 21.3274406676
36.3242405369 -4.25151293752 7.52571857123
52.6246988896 0.0108104422334 9.48461582731
46.2590687517 -12.8620819247 12.0062273625
50.5902180796 2.24712319855 8.15270429467
56.5237361242 -5.09276072972 13.8451888695
47.8673084469 12.0744296321 14.106515334
31.9992749898 -19.0937192956 21.083953929
49.2987055954 5.76464602396 9.27648290889
34.7481065541 -21.2376482078 21.7141994943
53.7254130707 -3.81933389184 10.8124229245
8.72479781038 -1.05240211401 34.4994512161
45.3056387743 -4.61122232657 3.95726535614
15.1435327077 -1.76290520732 28.0849331611
49.6087001741 3.55340240789 7.98757081033
54.2499737864 -3.56372835487 11.2672523991
54.441222887 5.97844819447 13.3425499584
45.3486440548 -4.41239461438 3.81341760675
49.5285823574 1.90748361835 7.0494810123
51.1381082109 -4.97772404298 8.750108022
49.0831995263 0.00681935798496 5.99190475884
23.2739526593 -2.83762423598 20.0131535934
52.0272529713 -6.33070843256 10.1665076533
48.7398494967 5.24733582729 8.51996056079
55.8597165182 -0.782714219753 12.6444958499
47.839074088 8.99674761755 11.2344606248
54.1287419846 0.836163981697 11.1020142375
32.9197206834 -10.0087425726 13.526264323
46.2971379503 -15.4242555353 14.50766078
48.7251301388 0.606125536041 5.80479102872
10.6205736794 -0.0236448828826 32.6260346187
37.8531873922 -15.1675604321 14.9216477124
20.626085975 -3.55144104713 22.7149300922
53.8701989746 0.104328912409 10.731769444
49.6940867569 -3.47445226683 6.84341586917
38.4724534852 -2.90136135679 5.03140265944
47.4544412108 2.20840281888 5.46179537465
46.7214764622 2.50347147797 5.12757796975
44.6615057444 -4.40383517593 3.46985979755
51.0243614991 -2.43436303209 7.89067189273
8.99101799662 -1.07352093546 34.2331224027
52.5999224025 12.2709703994 16.4504941565
46.9705638309 4.03081128956 6.4716648108
50.8826162885 -0.786859155057 7.67265290601
49.5332600359 -43.9589832364 43.1766068078
52.9345595386 2.07721364968 10.2637049965
48.1949052129 -8.3903482383 8.70380357343
47.9615730769 -1.85933153358 4.77741548215
51.9540951902 10.5493126534 14.67468343
14.5386819008 1.42448498686 28.8090524243
48.2829574026 3.48825771711 6.92878854758
55.2601314291 2.37860928371 12.5703011827
47.154333196 -2.95608194252 4.28656108313
49.4707664218 -0.639530800673 6.27641786771
49.944336946 -1.03210078253 6.72402980628
53.075060332 -1.86165787419 9.87058008065
50.5173274051 -2.34445574454 7.37589097836
19.9728281253 -4.80036115695 23.5210045974
50.511694285 -23.5618253685 23.475860758
37.5017201575 -0.525370714631 5.76717138506
50.4412510116 -4.40467236286 7.87850859437
52.2363811309 3.18022671502 10.0408542433
47.1381780784 3.66060424811 6.27667966417
46.6809047773 5.50088578125 7.58097042714
51.5172138402 7.21073189775 11.8446867558
51.7446280149 -0.333076703392 8.56967441929
49.7198038086 3.9681252047 8.3297757971
49.2838484188 -5.73146936066 7.53961557255
55.7938097764 -1.34835182385 12.5705209414
47.0468887565 -1.06758575198 3.82733755193
50.5866810794 4.86311971726 9.56730434306
52.4232548633 3.94124586553 10.5611551967
52.9320595135 3.1599948341 10.6613263934
53.1266873123 -2.23550149015 9.95230494102
53.6162288507 5.84144041172 12.5791366212
53.1517261914 1.17444836713 10.2187856729
16.4070572668 -7.33885337118 27.5001265389
22.4308856224 -3.83761858906 20.953722608
54.5827009696 1.69459017443 11.7334197869
52.4651772122 7.227055587 12.5377619249
21.7009123304 -2.2928137557 21.5482419556
50.6443708971 1.88126152572 8.05265763272
43.3804374566 -9.7503506276 8.5059114594
52.9515463392 7.20216280717 12.8841123391
51.6510576974 2.82582016961 9.35943467403
51.488302421 1.25519989163 8.63475321281
53.3905432947 1.78578354004 10.6092211996
50.3854206359 6.7548958381 10.7379055641
50.0155949977 -18.9791669279 18.9894470484
33.0012613099 -6.04644625516 11.2935286894
51.6413517212 8.33394160398 12.7526387827
49.1636185319 -5.59269928907 7.36052747922
52.4374018522 1.28727512001 9.55557815313
52.8609790587 4.17252179285 11.0560452307
49.6748407869 3.39616805189 7.94768987071
48.0558159036 4.6690189812 7.63775818282
42.9204118306 -11.7915504824 10.550027713
34.2958806761 0.415705676421 9.08113161192
57.0513957768 10.0809542685 17.8746255851
10.1563892232 0.270846723874 33.1020836246
52.9165789745 -2.84308284095 9.82358507498
49.2587421288 -5.41149331473 7.33307318997
55.9419311864 2.75645264305 13.3331141313
53.4599078817 -5.39060388777 11.043483519
52.8340594771 -2.00527244423 9.64030895231
52.8635419348 9.44118287677 14.3923524939
18.7190111697 -2.21580931487 24.5238832305
19.1937534843 4.05441567599 24.6075559478
33.8890521495 -8.60798207774 11.8884931927
52.6051132518 4.59826187316 11.0528197953
52.3471759777 -0.955736346831 9.12808199707
26.5907640801 1.54136264217 16.8648602884
47.9071608589 5.25212833841 8.00992507514
53.0988101409 5.80424582751 12.1335070176
52.8291765344 -1.37625764492 9.60635479688
21.630942322 -8.8556669152 22.8944593981
15.9198235249 -6.96757861642 27.896950049
52.5348373222 -6.35487406424 10.6206847521
49.4849447738 -0.416794468415 6.31589211632
51.987829855 11.1405746969 15.1734702478
51.6271248756 6.72975930393 11.5856944168
52.2524908878 -0.614152445436 9.05085806676
48.10603663 6.87062685571 9.47179413945
23.4167430829 -3.76509623233 19.9665278133
53.2952540625 7.1677942512 13.1234919156
54.0852942522 13.0034013976 17.916925024
30.2413599597 -5.83900571988 13.7709148217
48.7251040699 1.1804006697 6.01267238301
54.9588518243 4.19997511495 12.9371948184
50.8965170173 2.57274906536 8.57052941371
52.3715863996 5.48949544511 11.3599750616
48.8284403964 -0.0762935154781 5.72546788252
38.8029969189 -4.50902860109 5.49461468205
22.6805466185 -5.70150467221 21.0207987279
48.7507245681 11.1963051985 13.6145504031
55.0143175008 3.80290274479 12.8260963836
10.5255646159 1.42359666917 32.8069292124
51.3504994245 -1.39704656613 8.12819868965
54.2643718826 1.45220061598 11.3655597835
52.5367290141 9.99531096624 14.5978367047
51.9169426832 -0.127807801965 8.76484161045
9.09087783117 1.65674784767 34.256025146
52.8424333405 5.3710887855 11.674940066
20.3743548387 -5.3268723983 23.2109315337
50.7900796479 3.80221069966 9.09578229735
54.500504801 2.54512562439 11.896971413
53.660186305 -9.47738319366 13.2920164869
38.2337411551 -18.4541896772 17.9171862626
55.2563578682 -5.89951449698 12.901200841
43.3098201655 -9.47339958361 8.22796696476
8.98383604097 0.288587820085 34.2742371039
19.0248891975 -0.125024451775 24.2247617584
46.0162525732 1.50018519306 3.91652979801
54.8711354905 4.03098635315 12.7870229353
39.3231363728 -17.7783819258 16.9864051282
22.2993973679 -0.467627541125 20.9387772734
47.4722108693 -1.25132844394 4.24850788069
48.9815037517 -3.36858101589 6.13661756955
52.6763679461 0.374616203528 9.59055928246
35.1141676416 -20.3417905635 20.7465249082
52.5805655824 2.93829232577 10.2497872006
35.9462929218 -3.14027823971 7.51993885592
33.3924764824 -0.122178804271 9.8952410247
43.0155078557 -6.52246393266 5.28068653016
51.3487992287 3.15445353911 9.24013507363
49.8519027123 -6.91637913408 8.72281541382
51.8226405896 10.7062043379 14.7239283438
52.9609920233 4.55136488882 11.3323790937
19.5251398019 0.453254759797 23.7594009294
53.7682703408 8.77433899556 14.5462256674
54.1373047361 6.11085044151 13.161616836
51.7089277383 3.68969704863 9.81625859729
49.6397790603 -4.4371923712 7.1659222159
46.7450187675 6.20993260146 8.24553396965
54.9247149616 -1.26584788687 11.7010255157
48.5109378237 4.33114149828 7.68492163201
55.0368087859 14.390290048 19.5969207262
50.9759256511 3.31499516982 8.99436013209
46.1386367017 5.32667976502 7.18995152738
22.823862642 -2.6570242937 20.448592801
49.7764579557 3.77897889366 8.25758994022
28.3277910299 -1.38850805031 14.8965982314
55.3585153284 5.95417445806 14.1100821054
20.5847401726 -1.63158282541 22.6422516445
20.853474802 -0.290635394197 22.3906177612
54.6567172636 -1.0957560227 11.4339964059
29.3382344172 -2.05331470587 13.9089280639
41.7992471855 -10.5087075669 9.37171266957
55.2260316332 2.49583248871 12.5720422325
50.6853290913 -1.23200446243 7.46163552072
54.3731927749 -2.48612297824 11.2182547321
48.4745119429 5.58509041464 8.61586672449
45.371362097 -15.2710897849 14.1886871359
34.1832552633 -13.2494771612 15.0271762031
50.2327012541 3.80890776079 8.64158087762
47.4033876417 7.53299696868 9.72308967109
56.5276039415 0.104210956488 13.3722265207
51.6690683418 -22.2938148136 22.6790555264
54.952834032 6.42620861341 14.0154709852
33.4768429856 -5.75551976104 10.7395609447
44.8575563221 2.86256218236 4.42140128132
18.8354236202 -7.95011932593 25.2929856272
50.2122265174 -1.67930112081 7.0019471135
50.8070409824 -3.35662679636 7.87160723545
11.1709587947 0.0303415027826 32.0781449542
53.8114628732 -4.47361954745 11.0688241022
30.5502532611 -11.2418786101 16.141138108
19.3180295826 -0.788134413697 23.9100590095
55.1162371149 3.76086926853 12.9034823153
49.1161830185 -1.07747375378 5.89488265728
51.1856080167 7.52780993417 11.8477663899
52.8108282533 4.72634095396 11.2951478977
45.4924550574 -2.51823137509 2.60117085844
47.6817775822 -4.01120014941 5.24608191438
25.0486229555 -8.82725383592 19.6929134669
52.6849936753 -0.984964505739 9.46488425847
20.5784897766 2.29077058558 22.9197242545
54.9846098767 0.431119929691 11.8798648335
53.5526999517 -0.292728767671 10.3728785624
47.9704964086 -4.70520507566 5.87357830018
52.55907385 -1.84936383483 9.35485289941
38.6566629089 -13.3081415545 12.8979053359
51.6527542127 -2.70242295083 8.55396712497
53.2597873476 -10.1113013453 13.3909879021
54.4457047117 7.64628265507 14.3179558273
52.6313541255 -7.91044051625 11.5291004698
33.2767605466 -5.90772172116 10.9851932697
53.506414642 -4.85027605431 10.8961339281
9.90822134649 -0.830543297994 33.3180740265
48.2247912419 -5.41719478027 6.51234893025
17.648185187 3.66488331255 26.0427133315
52.646431505 2.33528007587 10.0803014733
56.1221076808 -27.9018779767 29.6126798477
37.8707957301 -1.90542395762 5.39338923156
54.8393326004 0.135499775759 11.697477904
50.5840244367 3.23558194806 8.61729719177
51.4917999803 0.00142306678133 8.36164716088
50.721782703 -2.96036907162 7.6915933761
54.7416351355 -2.58425026818 11.5954261155
31.4993376065 -7.01952379795 13.0688848209
52.7659837983 9.30012592844 14.2222841458
44.7184729882 -19.4111159827 18.2266290542
47.0617103852 7.73048726658 9.7624536811
22.6319506059 -9.61653086414 22.2280937365
54.9383217022 10.2645569583 16.4232287915
44.1175093286 -18.014981428 16.7929013813
53.2439210833 3.39108108378 11.0411113158
53.7954981175 5.31070911344 12.4399229121
20.7387190625 -1.94793009323 22.4959447197
51.8868754706 5.21610740489 10.8077666696
22.5773025693 -0.0663283652064 20.6800711826
53.7274952998 15.7576501158 19.9862384399
51.1457812244 -5.61062471632 9.04490111837
51.3891709983 11.3409613611 15.003448551
50.5023077875 6.33108157424 10.5065899875
53.4103831744 -0.781478326558 10.1972571832
52.556344766 -2.25267973707 9.38678733935
14.8052785498 2.25683157415 28.6334779086
18.7215017852 -7.1771777822 25.2098847575
38.439782308 0.785150272944 5.19721345419
18.6492647604 -7.11691204849 25.266027878
45.6359672137 2.36872607655 4.34561877465
52.8731517984 5.41581563003 11.7256141474
39.2040342581 -6.77186053086 6.83331468034
46.056793904 2.30426184449 4.54201658376
46.9321507307 0.740993784355 4.2071652186
53.5886243015 -0.668997246401 10.3809594433
52.7357287384 11.1157565949 15.5977148153
52.5296867513 3.06621829243 10.2564852007
53.6963515574 9.56835462689 15.0540372026
22.9739688835 -2.52124480205 20.2898600218
54.472752114 9.01141990663 15.2234456032
14.8342436224 -8.2586010553 29.2427736726
52.1640509663 -4.95016255797 9.67736765154
20.4361987051 -1.53945357112 22.7893987202
49.9757482488 4.86616618977 9.10753625229
16.7656900859 -8.28306199313 27.3778836999
48.7840951253 -0.559199517119 5.6026294251
25.9223161214 -3.2180491906 17.4134300676
52.6924005021 0.88903843477 9.70639259337
52.3084716861 2.20439195075 9.71788855342
20.6831471975 -0.198531646533 22.5648788626
45.2650432547 -18.3769151217 17.2522261862
18.665410137 2.57506606848 24.8537637586
36.8108118184 -9.85199747415 10.7326799883
44.4481714505 1.35104936952 2.87112757755
8.75719700869 -0.740983826447 34.4702074035
51.9092827446 -2.9598658581 8.85307694642
53.1074517412 0.364122570139 10.0140171365
48.4456521939 6.06000344473 8.98023928664
52.4536160616 4.89798053264 11.0877542028
54.1109584328 6.3527852353 13.2767472701
53.5615524908 10.6079016956 15.7284226173
54.8030082997 3.46913571316 12.5024651418
56.3175256099 -27.9980519932 29.7846710781
28.4832007417 5.30162590818 16.1292400847
53.20082864 9.1762310878 14.4278700499
50.869059966 -0.487930462174 7.68283296735
47.9454967903 -19.8930161487 19.2356665756
54.73160987 -0.80298648078 11.5164229706
48.1674863828 -1.46302483088 4.94854627208
19.8423949535 -2.43709555792 23.4116363234
50.3054917134 4.16480554578 8.9121958857
46.747969181 -2.35599464055 3.69496615272
51.9151047716 -1.23532368062 8.69140470821
52.7415570559 10.1724620559 14.8649954404
49.9690425821 -0.25632307349 6.81753537032
17.6831073603 -8.08703797713 26.4409455412
53.4975736582 7.50474987202 13.495403925
23.9829498515 -2.29911870754 19.2695620206
47.0767577958 6.6276358104 8.765746235
46.5195170531 1.25341856672 4.13628782642
55.4425250301 -2.88238114177 12.3279216462
49.7196062759 2.70251748665 7.60174865832
42.7767143477 -18.0217489055 16.7818196278
50.9615326479 9.89299634003 13.5627649337
23.1160946053 -4.20978430451 20.3248804329
48.0833132086 7.27999523191 9.81358149125
51.3660083444 -1.38585022901 8.14350480039
53.6536719578 -4.62566565288 10.9639002601
48.8093991963 -4.16757952437 6.30367132607
50.3300357267 6.45275660094 10.4770688241
48.5582304729 4.8385302553 8.09180042471
48.130235617 -10.0220585815 10.0546149311
52.7027247797 -2.41440775282 9.55077156288
34.1164735704 -12.4267548363 14.420595701
17.1838608896 1.8910416937 26.2281119499
52.5281605047 6.12279808863 11.8688807221
16.2847467428 2.72035506559 27.2293701377
45.1087654326 -2.6167457481 2.33081771383
44.2832096137 -1.7302703003 1.16497969781
54.42059076 0.347465421705 11.3096851263
51.9277437823 -1.81633309902 8.72271049674
37.6944693393 -8.37847650783 9.02476314
46.9816190344 8.80561144958 10.7310042744
53.1481619232 -0.731815839582 9.9377603714
50.2996730918 5.72740228588 9.93458679895
53.2433977748 6.96016999434 12.9511977726
48.9638552714 -20.0646708723 19.6747573112
49.7379537369 -2.64814437405 6.66346408208
51.8770541411 12.6706297257 16.387487896
8.52655712331 1.77891445702 34.8287463827
52.3223277577 9.24721364826 13.8884841498
52.2267958066 -11.6077646952 13.7267696226
47.4031347261 8.7437260926 10.8286617621
24.6752807118 -1.94731245374 18.5616836875
54.1439703867 8.11956101763 14.3862333642
30.9463629602 -14.0459691931 17.7362725416
51.3555857027 4.44741520178 9.92678735206
44.7019585553 -24.8012452616 23.6017013813
51.3903177574 -0.722759959141 8.18334881198
49.0829326944 -0.161988767199 5.95863735531
9.50609408023 2.31348689458 33.9049627891
53.2975187043 2.68683289525 10.8142475074
54.0525559272 2.52500098668 11.4666275957
11.3979363922 -0.943253734903 31.8272088972
50.8833666785 4.90673535311 9.82471934567
53.9365416308 10.7418571278 16.0770257413
53.393459845 8.80071695863 14.2953859535
49.2211990014 -3.66287211803 6.46620071552
52.7771861554 7.49414605397 12.9482464607
53.0427251765 3.74122387744 11.0129181342
45.6604214149 -2.47407093151 2.72874048466
51.3896261227 0.347349410491 8.31989386918
53.8149440084 0.4092354065 10.7197821916
45.2077936795 -9.20140938791 8.19920715356
49.4166379284 5.11933521711 8.88078860509
10.3263646039 0.0832283388618 32.9241801725
31.0671701443 0.197828369157 12.2419638502
10.088160221 -1.02204079971 33.1363023164
54.6154017357 7.21414979642 14.1895341788
52.7579051773 -0.100026531713 9.60280857275
47.0551506906 -6.67974678373 6.64882226533
9.96878778761 0.0928302431232 33.2818534784
50.9414028037 5.96886273938 10.5648188084
51.2104213892 2.76662667295 8.93800039488
52.0294720247 -5.18510604245 9.64670840074
52.8460260938 -3.33731895135 9.8469862408
51.3743412157 8.37495199395 12.6092552385
52.4838637178 9.14944230038 13.9216847283
39.6963645858 -15.3920243852 14.5792815143
50.1738659512 1.82649005533 7.59896009395
18.968003047 -1.22471084678 24.2557126715
46.2571429999 -3.22315124971 3.62095647908
49.1146496658 -4.30660629943 6.63861711103
52.4019840199 -6.65989662297 10.6560930597
52.0802055379 0.877647358905 9.10752205049
52.0828322692 10.6612328864 14.841277734
49.7016473259 -6.23092927149 8.17400766666
51.9005439743 -1.84704378279 8.69763777738
18.4601711347 -7.79021317017 25.61368651
48.337887329 2.30051805586 6.22348841818
53.2901944777 -1.94836294603 10.0909691483
52.7399385292 1.72373476537 9.96881656401
29.7731556581 -7.3601153876 14.7750178285
14.3931448326 4.67775496009 29.4328179858
53.3105233641 -2.99523084357 10.237386964
55.7952247516 7.32118140545 15.2130755844
9.83576250564 0.130635713377 33.4163075039
52.0066188865 5.01335688799 10.7850654909
47.5438587667 3.06264123426 6.10140140795
39.3706527715 -5.4879460672 5.73071720645
54.3832249781 10.1281368411 15.9343398508
47.101140479 -3.18939595767 4.33724982292
50.8602704278 1.54396169065 8.13021179454
55.5577287699 2.65853110131 12.9372546325
52.6305649141 -23.5799494227 24.2342628703
53.7197421476 8.39858981556 14.254214315
50.3498164651 -2.72124324987 7.27723372155
52.9296958605 -3.53484962584 9.97224131789
36.0103134497 -2.21546198611 7.27826365839
50.7393423251 8.5170018821 12.3206618549
38.2466422528 -7.39713089965 7.91258591041
47.2697828 -7.13274828205 7.14324249591
45.9503711982 -8.00771547706 7.29088988993
51.8058559584 17.0911299716 20.2459710577
29.9858594251 -7.48153998494 14.6329767768
35.2280303275 -0.914566155558 8.00253760563
50.8091880745 1.22694058928 7.97837006254
52.9900613158 8.17467842536 13.5694019522
54.768448112 5.24370561858 13.2437088176
44.6002587291 -4.78493466342 3.79733866212
55.1660227886 -2.50351143932 12.0083532381
37.2452484668 -17.0699013181 16.9157177678
56.0858797572 11.4684089924 18.0855945166
62.9215387021 -34.8959258002 38.9914087599
50.4683812043 10.2191170545 13.5621364162
48.8146098281 -1.89298151675 5.62822675623
48.8435702035 5.42209099264 8.72036403867
51.2486941703 -0.882969721427 8.03318950976
52.9758115526 -2.25303174236 9.80397375787
45.0302815093 4.72692971006 6.24004873015
46.835542091 -0.721558210233 3.64969495385
20.5813698365 -3.63842217225 22.7683914895
52.6716791312 8.42799954872 13.5221372538
48.2780888236 3.18598574264 6.72222015246
52.388718585 4.32204973538 10.7237738131
46.5777183945 -4.30236274192 4.53778169824
45.3113479843 -14.1366877663 13.0587552164
52.9953279994 8.14178252257 13.550382137
54.44718277 5.67948441043 13.1881438227
12.5368016496 -1.02948792983 30.6876677981
55.7045031239 -6.10824084989 13.3945065687
47.5418357814 -9.88196410323 9.65547165908
32.2373942627 -6.34149652639 12.1105049698
51.7266436977 -0.817292712667 8.51373192096
51.5533792029 5.56248321509 10.7581272443
61.4988935747 -35.5903173929 38.9040180331
39.0152072001 -24.9941746072 24.118308563
53.7815958157 0.680433928727 10.7321817534
52.7503838066 9.46211538437 14.3324392884
53.1452654501 -0.238365004628 9.97258369118
54.0337806562 6.99521851626 13.5931402653
45.8000460921 -16.7876343181 15.7538424413
51.4946961632 0.583327576787 8.47084899335
19.3986441164 2.84666952836 24.1740063888
47.8528744679 -0.481812460507 4.69180140989
49.7872767956 -4.96369137753 7.5433780556
54.930308876 -4.38431200886 12.1199948307
53.2904262182 0.267978908231 10.1799128189
51.2866165501 -18.665990884 19.1955898153
52.8425422197 5.57580492543 11.792261478
52.1330179059 4.94057077546 10.8465682908
52.3994329482 7.66165192786 12.7882031354
38.0218170891 -7.23792003273 7.93499576963
54.9790136716 -25.7072623006 27.1393867218
11.3629065599 -1.20385080517 31.8608276439
51.518191442 3.87343716917 9.74709815817
38.9970249738 -6.9483241598 7.09807500097
34.5585537943 -14.3203458498 15.6852300897
53.3794629822 9.68356247578 14.9195232608
49.598648691 -8.0433114811 9.31906210943
50.7022514208 2.14490247469 8.21133742939
51.4088666208 0.767805914969 8.42922242371
53.0573957513 -5.10058428954 10.5622045391
49.0838094084 -8.82193153734 9.5779597937
45.4097912618 -3.40269510445 3.07096141314
49.1859774673 -3.00357825717 6.21596066927
51.274335688 -4.39206513692 8.64355777789
10.8973645387 2.08800993057 32.4978034181
47.8726731321 9.52628862049 11.7325435451
28.1257277536 -15.1001649905 20.4912196745
46.287440591 -12.1156557302 11.2932909377
33.2706220732 -4.886150132 10.5978975296
45.2832792301 -0.0433711544779 2.38492668488
51.5911174283 4.12420719518 9.94240602368
9.06789201612 -0.154610504171 34.1732430096
38.9977349245 -17.0559320508 16.3650993961
51.6958407039 -1.40021175401 8.47353973404
52.46968197 0.624645122254 9.43328888764
10.9156181459 -1.27474881196 32.3081012271
49.9117200761 3.75672696069 8.35198389233
18.6991920537 6.79464183747 25.8089490612
55.7084806894 -1.24540798081 12.4847742204
52.3557096497 8.98503935947 13.7136887683
49.1933008036 6.96413228547 10.1508823123
32.8861853866 -14.3665274861 16.703761467
52.211933144 -1.30342341996 8.98841084216
53.8537825967 2.99680770724 11.4454770525
56.5655974514 8.50086499158 16.5228676774
52.0994006058 1.0851317931 9.1766866265
48.2244145009 1.71780995742 5.81296466825
52.6732984161 12.2194775821 16.4502501648
24.6797372422 -37.6541767619 40.8588133764
26.0773841951 -4.59601588691 17.4705396719
15.0640016995 2.77794470744 28.4457407137
53.8412373036 -1.53450553149 10.6214529913
32.3740430972 -0.957513853897 10.8534949391
54.8462312782 9.12419391413 15.5763148206
53.8957119338 3.93814518587 11.8644785561
47.595655228 3.0845297313 6.15356909232
50.6941050897 11.4803920662 14.7568607492
33.0780813751 -5.89406933713 11.1597196429
53.8975769789 4.97502248139 12.3543992064
46.7142170195 7.80161481328 9.69746798295
50.9377884732 -5.40265283993 8.76275038695
22.7291696351 -7.21522607464 21.3461728188
51.5573660686 5.79571431974 10.9102694141
50.6075722572 6.60442102888 10.7772330085
47.9890294943 1.81394351839 5.66311251709
46.7233858672 -21.5537194041 20.6071823537
51.5885453122 15.0532004763 18.3202254206
16.5244548831 -12.1485012647 28.8395061508
53.3638160032 -2.72997262466 10.2481384854
18.731982621 -5.09870663365 24.7929180496
37.4429857056 -15.1112268442 15.0221331799
40.9330809511 -8.38113817688 7.49391940113
9.78904153362 1.35874228799 33.5359641908
52.5727605796 14.8910619513 18.6495526339
45.257538983 -7.08593567668 6.18406717725
54.417042224 5.2696643298 12.9515684593
51.3076728464 -5.41470976608 9.09558281019
53.936687116 1.62962592111 11.0921822567
54.9641350971 0.0844669789406 11.8155616001
21.6315962649 -4.27355977194 21.8033494789
46.0653995797 -5.49176766834 5.10908544336
40.6414137831 -20.1767833463 19.1062087691
46.5303817745 -8.39427270055 7.87613947738
44.2956764009 -8.75037513937 7.58066737418
51.3203443965 1.94002577825 8.70089432199
46.7875232046 1.66669979848 4.60260032489
56.7433078314 3.6048669386 14.3634744498
57.9639813638 -27.5024968638 30.1112182001
51.6649024429 10.2234604932 14.2407736979
12.6652588545 -1.6562915682 30.5612034472
22.1086925146 -3.17424139822 21.2028861189
47.6586119527 0.956032416261 4.9514461754
52.5187935791 8.34402943702 13.3553386258
49.9968701211 3.39197248357 8.20886421269
47.7308155339 -8.33673917251 8.40203960778
51.3834693193 4.78622978151 10.1473207009
53.7732409014 0.852621225987 10.7562259943
53.6639811014 -2.04416260597 10.4707489761
52.8570259287 5.04559979254 11.5058073457
53.6834000459 1.67420123023 10.8596539071
51.1005272273 4.7465605803 9.89715556769
20.8590453139 -4.82224773657 22.6488068523
21.7300333804 -5.14188830071 21.8439199431
52.3882890244 -0.838569077004 9.1736294941
56.1621481701 0.07630042599 13.0058234314
40.1089081484 -13.4607422494 12.6057426871
47.3055676091 2.47177005172 5.52109920776
48.4781921316 0.76324130767 5.62549562472
51.3092195576 -13.0626304853 14.3182064756
52.1196351905 -6.04132548142 10.1061275337
53.9710436114 6.93676268122 13.5078107074
48.9091334621 -7.53332348949 8.47679093719
53.8315423535 5.48638642495 12.5638225518
10.9277641884 0.442014403762 32.3400198966
51.7547940296 11.5126229414 15.3479293516
47.7769342909 3.07051298815 6.2740067033
50.3670348195 1.86630277469 7.79184456517
21.077596187 -6.46398493409 22.7525555943
46.0351991735 -18.6741461657 17.6535786452
51.4525281943 -1.80560019219 8.24783546629
51.6620729798 -28.8015268526 28.8187356221
52.2429393679 -0.583695672329 9.04350896099
50.4358426687 -0.918198202504 7.21957657563
12.0043341961 2.55871774695 31.4503449031
53.1684830098 -4.79874270986 10.5603688627
53.8862891469 1.46868024769 11.0027053138
48.1274780959 -2.15273953141 4.98691932676
11.65219909 0.769803954026 31.635787863
54.0605703517 3.823322195 11.9638815855
24.9074760249 -2.87627659789 18.3886508596
48.572236968 5.66951496396 8.74239732792
32.7123803372 -10.5729991316 14.0528668842
48.3809136889 7.35710180945 10.0303608296
55.2323876905 2.76991574636 12.6623483662
49.2015103591 0.735001621743 6.29746331208
9.50957819729 0.187170847099 33.7445712643
22.1963907964 -8.304101205 22.1803166184
49.410530268 17.9034333424 20.1239438247
31.7518528249 -1.95692324753 11.4938681086
51.7277996482 4.89085532425 10.4870949808
8.68726987203 -2.454647211 34.5575833027
52.1233194968 1.79737951574 9.40556006968
34.2540403054 -0.15697806465 9.03552022734
51.7319097557 2.2380753153 9.1938833139
52.1915845109 1.99239112641 9.53463462507
54.0813189897 3.54529308947 11.8677344213
47.8014422754 4.43023205767 7.29204704892
52.987175166 2.28683190781 10.3829377971
48.7422425095 0.913397931408 5.92593749609
53.8802770551 -6.93147278425 12.078428071
48.6581702758 4.12966354784 7.64394533504
51.0889449252 6.48270841468 11.0269263692
23.6020751737 -2.83138679507 19.6855844844
42.710149815 -9.12141631913 7.89225958547
53.6700017994 3.45975328834 11.4572292154
49.4408824601 8.57269149862 11.62143225
48.7892127966 7.0984972423 10.0301319333
40.5511909729 -19.467440373 18.4165002821
50.5840207296 6.47379783308 10.6661943592
8.39810076219 -1.26137340947 34.8256091608
50.5810438084 11.2323506663 14.485742459
54.9488324001 6.01068427281 13.7889938099
50.1222754573 10.2189938129 13.3803460466
52.4246852978 8.8761671944 13.6789589043
52.5411055774 2.54278419623 10.0582268364
55.1720956683 -0.546273386714 11.9688536719
45.9126420292 8.39648216261 10.0102739922
51.0977568225 3.43076253099 9.15814854162
56.6039833635 4.75913869066 14.6660184848
54.1535299695 8.88948832798 14.9059316663
47.5634042256 10.1908929385 12.2324497311
50.0709995596 -3.56287087428 7.22868273858
53.2009706692 3.16613389816 10.9092481946
49.109643588 4.93821525967 8.53740769791
52.8546475124 8.03165775524 13.3726509172
49.4270948672 4.90117570008 8.73317590581
36.0303509614 -15.3877985199 15.8662576155
46.5223048577 -11.3300772786 10.6099821025
37.6770958064 -21.5874832828 21.0842496027
10.357697847 0.764862157294 32.9274599761
49.3530182614 -3.21462070099 6.4377317463
54.8806363113 0.963875965667 11.8645290251
46.1216482065 -13.5120831391 12.6038774058
25.1319415591 -9.33689989026 19.8185899586
53.7410329825 -6.31163704065 11.6737319713
51.1448241109 8.57022514744 12.6134883707
52.8793594914 9.59264809859 14.5156948573
53.2745561273 3.02378662124 10.9201492477
17.1880286478 -4.41700503211 26.2280867269
46.9920018084 -6.91529244855 6.80751424605
53.8516617154 -24.1655284554 25.2638787258
55.2848083286 3.23712655302 12.8673056566
54.5065380645 9.09604663095 15.3054827608
11.8526183944 0.274646750974 31.4079158665
19.4390680278 -1.53272129595 23.7863679923
20.5772657623 -4.25505493596 22.8454895165
55.1188648427 5.80684334792 13.8288012918
51.9421020578 4.36156323182 10.3659962222
49.434597833 9.64233579213 12.5350901718
10.5374014706 -1.43156553733 32.6868324092
50.2756108505 3.81701528732 8.68114606539
54.7133247927 -3.09157734705 11.6369203687
53.3716574322 -0.926582447403 10.1529730414
46.7012603682 -3.22237665585 3.99998839885
47.9545976627 7.09146206501 9.58606585203
29.8121958967 1.57933271246 13.7058550037
55.3138479639 0.247125050055 12.1819782864
49.5619506775 -20.0949997184 19.8862397321
56.4219405417 -2.90157504724 13.3016802579
52.6353796893 0.642424668484 9.59923431735
49.115725342 -3.28563150452 6.23509897128
9.80337117403 1.53856614456 33.5361293285
31.4547849623 -2.13117962303 11.8021719734
48.3003200026 6.27711955375 9.07565844768
50.5461307509 2.82476390396 8.37783179526
53.2766422223 4.84288211748 11.7530668737
51.7100851318 7.89029338003 12.4694966341
23.6995719179 5.0799692243 20.5233584
52.7672223437 3.44716089305 10.6350062778
55.1007361236 1.47594000284 12.1849150629
50.0266612462 -2.77919754541 6.97361070512
52.0359807339 6.40018583134 11.6669854785
53.61532734 4.09654009869 11.6844885004
50.993827147 -1.40576212166 7.7717653374
49.9153334273 -1.24670110805 6.69162699923
18.4623294014 -0.485049237778 24.7730632572
53.6323282113 1.82882554769 10.8532594485
13.7210711479 0.741643961079 29.5695071973
21.281968071 -0.653528136399 21.9497327756
22.2705675229 -3.3840077787 21.0619469308
44.8621007781 -13.9582158364 12.8174777292
52.1356730341 -6.56832414899 10.3803431967
44.6928928038 -4.11900304902 3.22696851002
9.61918175643 0.177538190656 33.6346578755
51.8828041253 -2.80363306269 8.79809959608
44.460528008 -9.59646250484 8.44167644318
49.984517493 2.31937014799 7.64327138498
48.5812152868 2.68579046384 6.64537124098
31.8784932309 3.26443140026 12.208882094
22.6531283315 -0.146183984744 20.5999520336
53.2859410581 7.538893892 13.3574276868
30.1021724974 -6.96081339976 14.3120606648
50.8156305919 8.35557846866 12.240317771
54.0709942047 -0.674418826621 10.8623304418
53.8738675091 4.23414685787 11.9773394422
53.7365984765 7.82889132558 13.8878519579
45.3933103295 2.73783910643 4.53621260402
22.3150073543 -4.49637398663 21.1598532365
21.5861386828 -2.71413042779 21.6873255574
56.5262389632 9.42804428722 17.0555005751
15.9551034953 1.42934721293 27.3995176368
48.8623611724 -4.48538264758 6.50298262533
46.1795946296 0.272734316638 3.32317229731
53.0882985139 1.5424057134 10.2510844037
39.3032814995 -13.1686215627 12.5507537851
52.9501902568 5.60765686003 11.8985502863
23.8206724965 -0.79394648592 19.4082965388
50.0576029687 -6.32726084766 8.51601663946
29.3391532414 -1.70062977686 13.8919981634
47.4070635794 8.31066921361 10.4320741886
53.9032615821 7.65993719663 13.9056296254
34.2131658504 -5.92957846178 10.1551387542
40.5334697412 -5.58696425847 5.10708898583
11.8810482057 1.56670123021 31.4686011623
20.2913918384 -1.48145820693 22.9335245936
50.2642854752 -9.94411825733 11.1905783869
51.3336399783 -3.85785862055 8.52017820515
53.8149921945 5.76309555702 12.7004376785
51.2108066737 10.7619414692 14.4215680262
51.0750864174 -25.8573075593 25.8334351731
19.7231668674 -8.77715402168 24.6778321826
48.1082346304 7.61185822475 10.1152458959
50.6685521006 -22.9527194041 22.9480382952
52.7922254584 2.78244881387 10.3819080519
20.1684419755 -8.06851625343 24.043575903
46.1084630621 -12.7799023586 11.8892984253
52.9720429534 4.16716688365 11.1503890482
48.739220735 0.682567316433 5.8429289878
52.8138841125 2.81027666059 10.4126817097
11.3560314524 1.67844392574 32.0015687279
52.6645356001 3.76016648331 10.6859622204
43.6280079641 -12.3418632747 11.1033432854
49.1188453692 4.46647420722 8.20875693476
48.0378318542 -0.160506564233 4.93496157186
50.9370685788 3.39224624793 9.00045555836
38.6032411978 -9.20826675954 9.20588129143
32.5670609372 -5.03775954918 11.3111635102
30.223247313 -1.78647638027 13.0116939489
52.2846899722 10.9294123151 15.1769313201
51.8421751819 4.72221332087 10.4831378716
51.2124800924 1.81690970395 8.5557702529
49.8520856576 2.79721036715 7.76414944795
54.1940055649 10.5387629951 16.100476685
17.3396374948 -3.85271044826 26.0150067288
50.7950984281 14.4044013996 17.3855510721
48.6744850895 2.89160117559 6.84322767056
49.1663316574 -4.18709611088 6.63065057436
49.3454999988 0.561980032076 6.38315953152
53.371314626 -20.747033983 21.9833762314
51.5637409046 10.988527221 14.806653036
52.4524949153 -4.32131105072 9.72773314282
34.0610808488 0.846580160676 9.3985164574
52.2772744027 3.64078511261 10.2881786522
52.6664645887 10.5502792174 15.1101002644
46.2763081195 3.56729194064 5.69956422214
48.6254062021 -8.30300212697 8.88714164224
9.02877869827 0.579081467936 34.2435918404
54.1081374134 -2.91311652737 11.0113806375
48.2865455026 1.34593146643 5.68769220164
48.7830242833 -7.1388310342 8.10141024106
50.882724862 6.86841934179 11.1580674567
43.1806282072 -14.1790320061 12.9332204864
54.8464375135 -2.91412053877 11.7418436513
50.5705273444 -2.92936549438 7.53723352868
52.7896183438 3.77749656164 10.8046755938
46.018831216 8.61077695489 10.2453146829
8.43182373077 1.66720630939 34.9136247897
53.6886265009 8.6927655716 14.4323002929
45.6685458799 -17.9758771194 16.9076886101
