# 58541 stars, l,b,r 
13.502785 45.661421 39.123224
2.399132 58.081637 12.9965
315.422686 71.861627 39.039633
354.539517 63.832205 10.49241
233.986604 50.969208 13.699343
6.647016 54.399616 4.131165
229.169074 46.877665 21.931458
6.415637 53.506475 16.411468
11.136915 50.517695 7.54119
232.880162 51.64879 14.35076
11.806345 48.04737 16.232144
236.637666 54.567274 19.672071
324.828569 70.9934 3.416376
328.620736 70.584273 10.005021
357.063197 61.703059 12.034616
250.843575 62.845001 31.582568
240.821505 59.177814 25.745428
11.110704 47.358164 14.789704
224.032202 37.091578 13.547871
4.301396 56.214004 10.155014
235.227457 51.51514 12.47804
13.266648 44.995411 16.213628
3.115939 55.442395 12.430457
354.953876 61.9817 6.639799
12.854784 46.485323 8.973442
11.595157 46.375869 5.172602
238.990913 55.09296 13.538035
9.170946 49.691021 15.516046
285.127498 71.304307 45.170622
286.664785 73.118252 9.010406
279.329102 72.011668 19.237663
2.51403 59.116241 5.323215
271.967797 70.796274 38.366122
283.139716 72.383801 11.630849
355.047658 64.362974 7.89265
10.276829 47.607892 31.615998
235.995045 51.257099 8.956181
3.562051 58.073792 18.211043
297.843468 72.541534 33.482451
7.546915 53.343115 8.716043
258.047268 65.894302 10.191452
233.382525 49.670012 3.865646
288.847571 72.730542 8.267379
4.536585 54.416571 15.106874
224.70557 39.512398 17.185293
4.855564 57.336906 19.397217
264.6377 68.162191 28.583148
351.585146 64.466961 35.775653
232.87233 49.588119 28.542894
349.463662 65.43942 23.488171
295.958609 72.481946 11.326307
223.416002 34.718294 37.824304
9.888691 48.946016 16.492913
226.294661 38.137369 28.122077
346.419826 66.83849 14.724701
0.272957 58.444188 18.466066
231.65054 47.649326 8.007686
282.069497 71.623367 26.649163
256.321679 66.127545 15.336027
258.245874 66.631971 7.709716
237.873748 54.256239 6.788174
5.683666 55.084237 6.027351
329.575677 70.853963 10.754905
10.356053 48.902835 3.445793
236.628974 53.049958 42.564635
356.208462 62.136558 39.101497
3.397115 56.345069 20.555999
343.490947 66.716567 3.741039
265.343565 67.656532 16.468879
344.737071 66.300003 9.661909
241.087567 56.617595 16.244942
225.669208 39.25761 15.166
340.350893 67.786764 38.796967
4.774817 53.471431 7.775069
342.555524 67.120801 14.117691
225.966617 39.487691 32.021869
344.006673 67.107342 3.98662
249.201084 63.710314 6.957272
245.321292 61.413247 4.318478
357.419123 61.187958 42.959295
12.864702 47.362442 7.7547
308.691707 73.080541 22.471124
355.562177 60.337107 21.595226
314.938235 72.725049 10.438776
12.637764 48.402257 12.618711
234.586973 52.575396 6.850806
9.062676 50.591255 8.773376
11.860012 47.913403 6.220707
2.197037 57.588952 6.315006
353.894668 62.399276 27.094864
342.00859 67.299451 10.233724
6.757092 55.731334 9.633785
266.658933 70.332198 15.730909
239.650071 57.894199 31.760726
13.032954 47.380091 6.53323
332.995346 69.310031 12.199063
8.572143 52.85749 16.46767
239.684227 57.353775 8.5514
12.060813 48.339197 11.963661
355.34669 62.976816 6.061253
12.771887 48.592397 9.595298
236.546561 55.149533 15.343632
295.597395 72.284765 5.878717
248.211132 62.805189 29.181611
228.24463 45.920402 20.740593
294.375471 71.922969 3.586464
224.354776 37.962586 19.845174
230.113798 43.518922 16.904166
223.147641 33.776096 24.653874
347.512351 65.617243 21.140668
331.011842 70.669938 19.613088
225.651813 38.157415 2.573181
307.449082 72.230027 6.532329
268.297642 71.050178 3.740702
340.721826 68.8477 11.647413
344.075761 68.43924 21.270572
300.359944 72.951492 4.541055
249.445527 63.885427 31.855019
351.130142 63.9905 16.007667
4.521895 54.385053 12.798534
8.303629 50.796302 6.286983
239.005542 56.295459 44.548697
295.321574 73.787853 8.202187
234.775615 50.988698 11.98291
222.761431 34.630279 41.342686
338.495982 68.472018 11.944605
12.0435 47.510819 22.616472
292.045211 72.172775 18.633444
223.208881 31.950783 12.057057
318.148965 72.586307 5.33556
256.558833 65.792946 11.913279
227.689161 42.365425 30.819492
233.462299 51.197892 12.592289
12.291191 45.851146 27.899223
246.634908 60.97461 25.570252
355.893775 60.517454 26.329809
236.294629 54.437646 8.085146
239.689366 57.587932 30.707164
349.174592 63.64477 35.69006
341.713253 67.532441 17.306209
260.867629 68.88227 4.618846
10.890485 48.502413 35.732631
299.700063 73.046611 2.410862
341.218696 67.881242 11.174454
303.073188 72.503053 20.93905
285.893312 71.881017 9.293963
261.297853 67.071237 23.620385
306.650894 71.676028 16.812624
10.522491 49.271779 35.285979
0.057532 58.367391 6.863897
223.294335 34.181547 13.298739
305.749958 72.966018 8.942412
254.405083 65.831372 12.571069
3.049313 57.321465 33.075026
11.341162 49.638433 7.606907
13.742109 44.798423 9.505443
320.481997 71.553932 10.789695
226.456824 40.341502 36.563072
237.577108 54.724731 12.1886
335.71725 69.383053 25.369323
230.021566 43.654921 28.254446
6.347627 55.074496 9.066328
298.833113 71.956065 11.847984
341.684135 68.510608 27.50733
2.946599 56.680429 10.318564
227.611674 44.687944 34.329612
349.531585 64.20923 8.520595
0.318176 59.128746 3.930333
226.36232 41.461258 5.921627
224.26998 36.997313 23.190524
1.749427 56.148635 13.826401
289.84849 72.423359 14.911488
305.40267 73.368369 26.46814
331.284832 70.72666 25.416136
234.451407 53.06036 19.358869
262.798658 68.862665 5.015305
11.173243 50.115371 5.802081
224.032686 33.780749 40.672126
227.731198 40.296487 43.723702
11.034593 48.873838 14.735459
331.996981 71.446102 10.671494
12.819017 47.802446 22.468774
237.969607 54.01865 18.920738
239.325539 55.295486 9.16028
234.785565 51.541372 23.643206
222.199561 31.346363 19.933897
265.228112 69.442929 11.319455
341.641603 68.425007 7.782289
10.158226 47.656144 15.016002
304.183244 71.812417 8.127551
356.423879 61.354169 36.310775
5.464784 56.520372 4.202367
233.725503 51.082585 31.710227
348.662025 65.920536 22.004932
225.160614 36.52085 12.900264
240.765884 59.285857 33.011273
345.075555 66.44977 27.748638
245.372057 60.287225 44.341205
2.984453 55.170491 30.907824
222.98906 31.826826 18.864355
270.460625 69.801854 11.509679
244.496248 59.446096 30.774737
246.754585 62.585451 10.900547
223.045913 31.100119 18.759046
283.480237 71.262897 17.457971
340.681942 67.647519 14.720929
6.140243 56.134106 8.010052
4.932374 56.349431 6.103459
258.67685 68.170056 8.632796
3.852742 55.536746 13.301957
1.383791 57.662673 12.918678
237.045254 53.814184 17.823072
306.747691 72.232475 3.670114
239.063975 55.18794 27.383137
330.51604 70.350872 16.164319
12.81028 46.521786 4.716491
302.724783 72.850931 4.467714
12.19819 46.743656 13.869941
7.410866 53.061588 25.018798
351.19026 64.911783 8.168389
341.472272 69.128235 18.835675
223.047512 34.778339 2.93158
6.071949 55.728953 19.395091
5.137728 56.984805 13.409193
237.498831 54.256184 24.927372
326.664263 71.85983 12.768268
13.184221 46.690025 29.014329
3.117575 55.095572 16.213221
346.791445 64.99442 4.438477
353.243885 62.815705 4.256053
225.58427 35.93246 17.153603
237.206866 54.292878 43.206716
10.396238 51.265181 7.258183
228.87919 42.787943 8.787122
225.749974 41.597577 11.691578
246.207118 59.463396 15.122501
3.094261 55.125761 7.783082
4.983474 53.35373 20.192067
306.84562 72.712583 17.90719
225.768093 36.439379 37.763958
262.364625 68.399793 9.928954
332.793823 69.56294 29.439069
1.550752 59.610145 6.365836
11.922649 48.156772 29.522528
229.380612 42.27152 31.878506
278.134958 71.0601 27.156958
333.370801 69.46696 28.393882
271.163069 70.989776 9.19022
9.540668 49.195836 21.352941
13.199375 47.148675 9.298925
323.199057 70.355367 3.951801
10.757116 49.003104 5.811056
304.513134 73.552667 11.908786
13.319439 47.409595 28.831012
222.999306 35.072589 12.880219
12.431037 45.459432 16.694418
13.013129 46.842016 5.654491
7.566978 51.288502 7.978258
2.004757 59.38435 15.502561
0.077178 60.464811 18.391727
348.571413 66.68584 17.832218
289.832023 72.210726 9.638863
228.032132 40.420579 21.667095
288.657367 72.542278 8.759384
10.839781 50.39866 9.924846
279.170268 71.783799 13.162652
12.72126 45.915746 5.105188
222.725647 32.452148 19.093678
0.888059 58.890176 4.223177
356.317707 62.716422 7.352792
233.789995 50.588696 33.944365
6.497005 54.073076 12.587874
0.053315 57.612865 13.734116
296.255838 72.619421 9.867543
3.943442 54.714673 9.895737
223.548937 33.558788 16.78375
358.388005 60.301946 24.973282
12.857806 45.508554 12.93407
10.758619 47.395893 10.060494
321.731644 72.991714 3.76054
358.836954 60.649208 17.488721
297.724567 72.589253 4.602191
9.182905 51.390515 10.334372
8.361929 53.189821 40.88616
6.27572 54.00349 13.011776
316.371647 72.221206 15.775952
349.095755 64.81549 42.203495
12.127692 45.907862 20.720497
235.763449 53.360283 6.431669
238.990565 54.171294 3.030049
11.647842 46.723489 3.477216
357.86092 60.945189 16.756562
4.955988 57.624916 29.680365
273.356834 70.047359 7.659597
6.972519 55.285026 7.940545
2.035504 56.143062 24.832551
359.887031 57.808729 22.312796
241.578848 56.784828 4.879354
9.603368 50.188203 5.038616
295.47263 73.127642 7.890522
263.416225 67.378551 30.294437
304.833855 72.723749 5.024705
7.708128 54.697729 9.580832
0.297943 57.860359 32.613876
250.889336 62.669095 3.484232
10.308162 51.308742 3.755412
250.55857 62.761424 29.587225
230.408173 47.448692 31.728845
232.149569 47.722003 21.822314
289.57007 72.121886 23.937656
10.443707 49.618014 5.172993
324.78786 71.590961 2.443833
0.285425 59.98968 25.067656
