#   objID	run	rerun	camcol	field	obj	type	ra	dec	u	g	r	i	z	Err_u	Err_g	Err_r	Err_i	Err_z
587731174381257844	2659	40	5	107	1140	6	317.11996246	0.74355764	24.179874	22.573204	22.273306	22.127836	22.149557	0.807752	0.116628	0.141274	0.198073	0.541892
588015509820998375	3325	41	5	333	743	6	33.79749592	0.62042247	23.066481	22.106243	21.761696	21.576223	21.3319	0.434422	0.083478	0.078026	0.113713	0.280217
588015510339518816	3325	41	6	53	352	6	351.82412575	0.91941902	23.476475	21.400961	21.051376	20.859421	21.58676	1.155697	0.07197	0.06852	0.095458	0.661162
587731173307711560	2659	40	3	110	72	6	317.56363605	-0.05599982	18.097799	16.911577	16.496651	16.173914	15.845135	0.013848	4.934377E-3	5.214473E-3	5.367096E-3	7.379305E-3
587731172769399235	2659	40	2	88	451	6	314.36269597	-0.53895646	19.998428	18.850555	18.570421	18.187267	18.141127	0.044647	8.918688E-3	9.332524E-3	8.639091E-3	0.023525
588015509292253674	3325	41	4	457	490	6	52.28654585	0.05073068	23.994354	22.381332	22.158146	21.676567	21.491575	0.946738	0.098767	0.11395	0.109738	0.403831
587731187264848202	2662	40	5	87	330	6	330.74223893	0.79930168	21.487511	20.751669	20.409115	20.197447	20.354485	0.126021	0.028834	0.029721	0.038365	0.133137
588015509820015044	3325	41	5	318	452	6	31.4671889	0.45563858	24.386942	22.378382	22.02951	21.747114	21.66053	0.920538	0.103337	0.095815	0.123571	0.354335
588015508205142536	3325	41	2	253	520	6	21.7367772	-0.82352675	23.754883	22.170923	21.929718	21.559582	21.362869	1.055715	0.097402	0.101113	0.099876	0.320031
587731187801391598	2662	40	6	82	494	6	330.05983775	1.12790093	22.376354	21.827538	21.49889	21.322596	20.778849	0.294963	0.063241	0.070219	0.097694	0.21571
587731186736824591	2662	40	4	222	271	6	351.01227345	0.22916322	20.83922	19.891949	19.575739	19.371983	19.320255	0.080719	0.015194	0.015198	0.017928	0.068003
587731513155387398	2738	40	4	238	6	6	47.82554675	0.34151625	17.908125	16.765657	16.333757	16.17536	16.101931	0.013696	4.144394E-3	4.303453E-3	4.486025E-3	7.882188E-3
588015508218839720	3325	41	2	462	680	6	53.09943114	-0.68940349	22.845181	22.235012	21.93746	21.856924	21.52067	0.514688	0.098783	0.097535	0.12552	0.307062
587730848498909608	2583	40	6	81	424	6	315.14459063	0.96143594	19.707344	18.608854	18.222679	18.059317	17.935783	0.038321	8.171044E-3	7.90982E-3	8.959435E-3	0.022132
587731511535599872	2738	40	1	98	256	6	26.91176997	-0.90178102	22.12439	21.188021	20.891769	20.725449	20.71298	0.216922	0.046957	0.039503	0.048323	0.168183
587731511547330566	2738	40	1	277	6	6	53.66285096	-1.00217698	18.775312	17.559258	17.108368	16.92094	16.81669	0.022814	5.351745E-3	4.92615E-3	5.403575E-3	0.010071
587730847427527591	2583	40	4	117	935	6	320.48871415	0.07764339	22.764425	22.122421	21.790943	21.838091	21.882742	0.424075	0.084428	0.082849	0.126569	0.601988
588015509825782013	3325	41	5	406	253	6	44.66722546	0.47145648	21.505169	20.901146	20.559378	20.311245	20.52354	0.122552	0.0341	0.035086	0.039637	0.142096
587731186188747745	2662	40	3	51	993	6	325.4157756	-0.11681876	22.559561	21.651699	21.259876	21.263973	21.383593	0.326728	0.060443	0.055075	0.080878	0.364901
587731185116184744	2662	40	1	69	168	6	328.04885931	-1.02380147	24.643312	19.2861	18.907679	18.745911	18.661339	1.149459	0.012127	0.011036	0.012961	0.034959



# Samples (ra, dec)
317.119923179 0.743500241051    	BINNED1 NOPETRO;  small source
33.7974554887 0.620451686186        BINNED1 NOPETRO;  small source
351.824088833 0.91938947145         DEBLENDED_AS_MOVING MOVED BINNED1 NOPETRO CHILD; yellow blob
317.563598263 -0.0560601653765  	DEBLEND_NOPEAK BAD_MOVING_FIT MOVED BINNED1 DEBLENDED_AS_PSF INTERP CHILD; large blob
314.362655316 -0.539018058025   	BINNED1 DEBLENDED_AS_PSF INTERP CHILD; looks like a star
52.2865074346 0.0507735998552       PSF_FLUX_INTERP BINNED1 INTERP; small source
330.742205003 0.799250476181        BINNED1 MANYPETRO; blobby   
31.4671442504 0.455662562991        DEBLEND_NOPEAK BINNED1 INTERP NOPETRO CHILD; small source
21.7367314516 -0.823510072705   	BINNED1; small source
330.059796336 1.12785479156         DEBLEND_NOPEAK BINNED1 CHILD; small source
351.012234126 0.229134689833        BINNED1 INTERP CHILD;
47.8255044286 0.341558992268        BINNED1; blobby
53.0993908517 -0.689358036955       BINNED1 NOPETRO; small source
315.144551657 0.961374279488    	BINNED1
26.9117319886 -0.901759894233       BINNED1 MANYPETRO; small source
53.6628130838 -1.00213167762        BINNED1 MANYPETRO; blobby
320.48867553 0.0775861320871        TOO_FEW_GOOD_DETECTIONS PSF_FLUX_INTERP INTERP_CENTER BINNED1 INTERP MANYPETRO NOPETRO; small source
44.6671758219 0.471499655049        BINNED1; faint source
325.415742639 -0.116872725544       BINNED1 NOPETRO; small source
328.048822365 -1.02385709931    	BINNED1 DEBLENDED_AS_PSF INTERP NOPETRO CHILD; in glare of another star

