# File generated by CMD 2.3 (http://stev.oapd.inaf.it/cmd) on Thu Nov 10 21:27:53 CET 2011
# Basic reference: Marigo et al. (2008, A&A 482, 883) 
# but applying the corrections from Case A in Girardi et al. (2010, ApJ 724, 1030) 
#  but see Girardi et al. (2004, A&A 422, 205) for SDSS-specific details
# Photometric system: SDSS <i>ugriz</i>
# BCs of Carbon stars derive from Loidl et al. (2001)
# O-rich circumstellar dust ignored
# C-rich circumstellar dust ignored
# IMF: Chabrier (2001) lognormal 
# Kind of output: isochrone tables
#	Isochrone	Z = 0.00380		Age = 	5.000e+09 yr
# log(age/yr)	M_ini   	M_act	logL/Lo	logTe	logG	mbol    u       g       r       i       z	C/O	M_hec	period	pmode	logMdot	int_IMF
	9.70	0.1500000060	0.1500	-2.3933	3.5594	5.1910	10.753	15.980	12.953	11.445	10.742	10.337	0.4787	0.0000	0.0	1	-17.817	1.9609395266
	9.70	0.2000000030	0.2000	-2.0864	3.5875	5.1216	9.986	14.297	11.783	10.433	9.883	9.559	0.4787	0.0000	0.0	1	-17.692	2.2217822075
	9.70	0.2500000000	0.2500	-1.8910	3.6001	5.0731	9.497	13.457	11.125	9.855	9.364	9.077	0.4787	0.0000	0.0	1	-17.573	2.4080901146
	9.70	0.3000000119	0.3000	-1.7374	3.6100	5.0387	9.113	12.934	10.647	9.431	8.972	8.707	0.4787	0.0000	0.0	1	-16.636	2.5475041866
	9.70	0.3499999940	0.3500	-1.6115	3.6177	5.0105	8.799	12.512	10.259	9.085	8.652	8.404	0.4787	0.0000	0.0	1	-15.843	2.6555202007
	9.70	0.4000000060	0.4000	-1.4715	3.6231	4.9500	8.449	12.088	9.858	8.716	8.301	8.065	0.4787	0.0000	0.0	1	-15.157	2.7413372993
	9.70	0.4499999881	0.4500	-1.3527	3.6303	4.9110	8.152	11.678	9.488	8.392	8.001	7.779	0.4787	0.0000	0.0	1	-14.551	2.8109800816
	9.70	0.5000000000	0.5000	-1.2169	3.6395	4.8579	7.812	11.184	9.053	8.018	7.656	7.453	0.4787	0.0000	0.0	1	-14.009	2.8684780598
	9.70	0.5500000119	0.5500	-1.0688	3.6511	4.7977	7.442	10.614	8.562	7.604	7.279	7.098	0.4787	0.0000	0.0	1	-13.519	2.9166350365
	9.70	0.6000000238	0.5999	-0.9137	3.6660	4.7397	7.054	9.953	8.029	7.164	6.877	6.722	0.4787	0.0000	0.0	1	-13.072	2.9573988914
	9.70	0.6288724542	0.6288	-0.8155	3.6794	4.7156	6.809	9.468	7.663	6.876	6.620	6.486	0.4787	0.0000	0.0	1	-12.831	2.9782249928
	9.70	0.6871564388	0.6870	-0.6266	3.7057	4.6704	6.336	8.548	6.997	6.341	6.135	6.040	0.4787	0.0000	0.0	1	-12.375	3.0151948929
	9.70	0.6999999881	0.6998	-0.5863	3.7114	4.6610	6.236	8.358	6.863	6.232	6.035	5.948	0.4787	0.0000	0.0	1	-12.280	3.0225379467
	9.70	0.7013726234	0.7012	-0.5819	3.7121	4.6600	6.225	8.337	6.848	6.219	6.024	5.938	0.4787	0.0000	0.0	1	-12.271	3.0233073235
	9.70	0.7437065840	0.7435	-0.4460	3.7318	4.6286	5.885	7.708	6.402	5.856	5.693	5.632	0.4787	0.0000	0.0	1	-11.971	3.0456821918
	9.70	0.7791249752	0.7788	-0.3350	3.7474	4.6002	5.608	7.226	6.053	5.570	5.431	5.389	0.4787	0.0000	0.0	1	-11.732	3.0625879765
	9.70	0.8000000119	0.7997	-0.2705	3.7563	4.5825	5.446	6.969	5.857	5.408	5.283	5.251	0.4787	0.0000	0.0	1	-11.617	3.0718705654
	9.70	0.8227795959	0.8224	-0.1998	3.7646	4.5571	5.269	6.709	5.650	5.233	5.120	5.097	0.4787	0.0000	0.0	1	-11.533	3.0814573765
	9.70	0.8486967683	0.8482	-0.1193	3.7736	4.5262	5.068	6.418	5.415	5.033	4.934	4.921	0.4787	0.0000	0.0	1	-11.510	3.0917236805
	9.70	0.8719637990	0.8714	-0.0471	3.7814	4.4969	4.888	6.183	5.210	4.857	4.769	4.765	0.4787	0.0000	0.0	1	-11.571	3.1004076004
	9.70	0.8930479288	0.8924	0.0186	3.7881	4.4685	4.723	5.978	5.026	4.697	4.619	4.622	0.4787	0.0000	0.0	1	-11.692	3.1078767776
	9.70	0.8999999762	0.8994	0.0402	3.7903	4.4589	4.669	5.911	4.965	4.644	4.570	4.575	0.4787	0.0000	0.0	1	-11.745	3.1102609634
	9.70	0.9011552334	0.9005	0.0439	3.7907	4.4572	4.660	5.900	4.955	4.635	4.561	4.567	0.4787	0.0000	0.0	1	-11.754	3.1106536388
	9.70	0.9176697135	0.9169	0.0974	3.7957	4.4318	4.527	5.736	4.806	4.504	4.438	4.450	0.4787	0.0000	0.0	1	-11.902	3.1161544323
	9.70	0.9338050485	0.9330	0.1502	3.8004	4.4051	4.394	5.578	4.659	4.374	4.315	4.332	0.4787	0.0000	0.0	1	-12.068	3.1213364601
	9.70	0.9505239725	0.9496	0.2058	3.8050	4.3757	4.256	5.426	4.507	4.238	4.187	4.209	0.4787	0.0000	0.0	1	-12.255	3.1265156269
	9.70	0.9680762887	0.9670	0.2649	3.8096	4.3430	4.108	5.265	4.346	4.094	4.049	4.076	0.4787	0.0000	0.0	1	-12.458	3.1317560673
	9.70	0.9767987728	0.9757	0.2943	3.8117	4.3260	4.034	5.186	4.266	4.021	3.980	4.010	0.4787	0.0000	0.0	1	-12.560	3.1342883110
	9.70	0.9847087264	0.9835	0.3210	3.8136	4.3101	3.968	5.115	4.194	3.956	3.918	3.949	0.4787	0.0000	0.0	1	-12.652	3.1365451813
	9.70	0.9930812716	0.9918	0.3491	3.8154	4.2929	3.897	5.040	4.118	3.886	3.851	3.885	0.4787	0.0000	0.0	1	-12.747	3.1388936043
	9.70	0.9954504967	0.9942	0.3570	3.8159	4.2881	3.878	5.019	4.097	3.867	3.833	3.867	0.4787	0.0000	0.0	1	-12.774	3.1395509243
	9.70	0.9991220832	0.9978	0.3686	3.8165	4.2805	3.848	4.989	4.066	3.838	3.805	3.840	0.4787	0.0000	0.0	1	-12.815	3.1405630112
	9.70	1.0037000179	1.0024	0.3833	3.8173	4.2708	3.812	4.951	4.027	3.802	3.770	3.805	0.4787	0.0000	0.0	1	-12.866	3.1418144703
	9.70	1.0135152340	1.0121	0.4164	3.8188	4.2481	3.729	4.865	3.939	3.719	3.690	3.728	0.4787	0.0000	0.0	1	-12.973	3.1444559097
	9.70	1.0676913261	1.0655	0.6329	3.8216	4.0651	3.188	4.332	3.381	3.176	3.154	3.194	0.4787	0.0000	0.1	1	-13.485	3.1580958366
	9.70	1.0822217464	1.0797	0.7047	3.8156	3.9752	3.008	4.179	3.213	2.991	2.960	2.994	0.4787	0.0000	0.1	1	-13.598	3.1615037918
	9.70	1.0911047459	1.0884	0.7506	3.8068	3.8973	2.893	4.097	3.120	2.870	2.826	2.850	0.4787	0.0000	0.1	1	-13.662	3.1635389328
	9.70	1.0959833860	1.0931	0.7746	3.7990	3.8443	2.833	4.067	3.080	2.805	2.749	2.765	0.4787	0.0000	0.1	1	-13.695	3.1646416187
	9.70	1.0995682478	1.0966	0.7888	3.7894	3.7928	2.798	4.087	3.074	2.766	2.695	2.700	0.4787	0.0000	0.1	1	-13.719	3.1654450893
	9.70	1.1022573709	1.0992	0.7893	3.7785	3.7498	2.797	4.146	3.108	2.761	2.673	2.665	0.4787	0.0000	0.1	1	-13.736	3.1660439968
	9.70	1.1037000418	1.1006	0.7861	3.7716	3.7260	2.805	4.203	3.141	2.768	2.669	2.654	0.4787	0.0000	0.1	1	-13.746	3.1663641930
	9.70	1.1052043438	1.1021	0.7761	3.7633	3.7033	2.830	4.301	3.199	2.794	2.682	2.657	0.4787	0.0000	0.1	1	-13.755	3.1666970253
	9.70	1.1072294712	1.1040	0.7583	3.7511	3.6730	2.874	4.452	3.292	2.839	2.708	2.669	0.4787	0.0000	0.1	1	-13.768	3.1671433449
	9.70	1.1093761921	1.1061	0.7458	3.7388	3.6372	2.905	4.626	3.380	2.878	2.727	2.673	0.4787	0.0000	0.1	1	-13.781	3.1676146984
	9.70	1.1126830578	1.1093	0.7853	3.7271	3.5522	2.807	4.667	3.337	2.787	2.618	2.549	0.4787	0.0000	0.1	1	-13.801	3.1683368683
	9.70	1.1150491238	1.1115	0.8418	3.7218	3.4753	2.665	4.598	3.224	2.653	2.474	2.399	0.4787	0.0000	0.2	1	-13.815	3.1688506603
	9.70	1.1169867516	1.1134	0.9002	3.7187	3.4052	2.519	4.500	3.095	2.511	2.328	2.248	0.4787	0.0000	0.2	1	-13.826	3.1692698002
	9.70	1.1187312603	1.1150	0.9622	3.7163	3.3343	2.364	4.383	2.954	2.360	2.172	2.089	0.4787	0.0000	0.2	1	-13.836	3.1696457863
	9.70	1.1202380657	1.1164	1.0229	3.7143	3.2661	2.213	4.263	2.813	2.211	2.020	1.934	0.4787	0.0000	0.2	1	-13.844	3.1699695587
	9.70	1.1216137409	1.1176	1.0848	3.7122	3.1962	2.058	4.142	2.671	2.059	1.865	1.776	0.4787	0.0000	0.3	1	-13.851	3.1702642441
	9.70	1.1228308678	1.1187	1.1456	3.7101	3.1273	1.906	4.022	2.531	1.911	1.712	1.621	0.4787	0.0000	0.3	1	-13.857	3.1705243587
	9.70	1.1238863468	1.1196	1.2046	3.7079	3.0601	1.759	3.908	2.396	1.766	1.565	1.470	0.4787	0.0000	0.3	1	-13.862	3.1707494259
	9.70	1.1248745918	1.1204	1.2667	3.7056	2.9889	1.603	3.790	2.254	1.615	1.409	1.311	0.4787	0.0000	0.4	1	-13.867	3.1709597111
	9.70	1.1257379055	1.1210	1.3280	3.7033	2.9190	1.450	3.674	2.114	1.464	1.255	1.154	0.4787	0.0000	0.4	1	-13.870	3.1711432934
	9.70	1.1265112162	1.1215	1.3899	3.7011	2.8482	1.295	3.558	1.973	1.312	1.099	0.995	0.4787	0.0000	0.5	1	-13.873	3.1713073254
	9.70	1.1272152662	1.1220	1.4532	3.6986	2.7751	1.137	3.445	1.831	1.159	0.941	0.834	0.4787	0.0000	0.6	1	-13.876	3.1714563370
	9.70	1.1278299093	1.1223	1.5148	3.6959	2.7030	0.983	3.342	1.696	1.012	0.789	0.678	0.4787	0.0000	0.6	1	-13.878	3.1715865135
	9.70	1.1283726692	1.1225	1.5745	3.6933	2.6329	0.834	3.243	1.566	0.869	0.642	0.526	0.4787	0.0000	0.7	1	-13.879	3.1717011929
	9.70	1.1288714409	1.1226	1.6354	3.6901	2.5593	0.681	3.150	1.436	0.724	0.491	0.371	0.4787	0.0000	0.8	1	-13.879	3.1718063354
	9.70	1.1293213367	1.1227	1.6959	3.6871	2.4869	0.530	3.057	1.307	0.581	0.342	0.218	0.4787	0.0000	0.9	1	-13.880	3.1719012260
	9.70	1.1297582388	1.1226	1.7539	3.6843	2.4176	0.385	2.970	1.183	0.443	0.199	0.070	0.4787	0.0000	1.0	1	-13.879	3.1719932556
	9.70	1.1301863194	1.1224	1.7950	3.6824	2.3686	0.282	2.908	1.095	0.345	0.097	-0.034	0.4787	0.0000	1.1	1	-13.878	3.1720833778
	9.70	1.1305521727	1.1223	1.7351	3.6861	2.4434	0.432	2.982	1.217	0.485	0.245	0.119	0.4787	0.0000	1.0	1	-13.877	3.1721603870
	9.70	1.1306071281	1.1223	1.7256	3.6867	2.4552	0.456	2.995	1.236	0.507	0.268	0.143	0.4787	0.0000	1.0	1	-13.877	3.1721720695
	9.70	1.1309416294	1.1222	1.7849	3.6838	2.3844	0.308	2.905	1.109	0.366	0.121	-0.008	0.4787	0.0000	1.1	1	-13.877	3.1722424030
	9.70	1.1312808990	1.1220	1.8471	3.6804	2.3087	0.152	2.819	0.979	0.219	-0.032	-0.166	0.4787	0.0000	1.3	1	-13.876	3.1723136902
	9.70	1.1316156387	1.1217	1.9120	3.6766	2.2284	-0.010	2.734	0.846	0.066	-0.192	-0.332	0.4787	0.0000	1.4	1	-13.874	3.1723840237
	9.70	1.1319240332	1.1212	1.9763	3.6733	2.1507	-0.171	2.644	0.712	-0.084	-0.349	-0.494	0.4787	0.0000	1.7	1	-13.871	3.1724486351
	9.70	1.1321907043	1.1206	2.0420	3.6694	2.0689	-0.335	2.565	0.583	-0.233	-0.506	-0.658	0.4787	0.0000	1.9	1	-13.867	3.1725046635
	9.70	1.1324483156	1.1197	2.1108	3.6662	1.9871	-0.507	2.465	0.439	-0.394	-0.673	-0.830	0.4787	0.0000	2.2	1	-13.862	3.1725585461
	9.70	1.1326723099	1.1188	2.1782	3.6619	1.9022	-0.675	2.397	0.310	-0.546	-0.835	-0.999	0.4787	0.0000	2.5	1	-13.856	3.1726055145
	9.70	1.1328650713	1.1176	2.2447	3.6579	1.8191	-0.842	2.327	0.181	-0.697	-0.994	-1.165	0.4787	0.0000	2.9	1	-13.849	3.1726458073
	9.70	1.1330509186	1.1161	2.3171	3.6535	1.7284	-1.023	2.252	0.041	-0.861	-1.167	-1.346	0.4787	0.0000	3.4	1	-13.840	3.1726846695
	9.70	1.1332100630	1.1144	2.3882	3.6494	1.6404	-1.200	2.176	-0.098	-1.022	-1.338	-1.523	0.4787	0.0000	4.0	1	-13.830	3.1727180481
	9.70	1.1333622932	1.1122	2.4647	3.6448	1.5446	-1.392	2.107	-0.238	-1.190	-1.517	-1.711	0.4787	0.0000	4.7	1	-13.816	3.1727499962
	9.70	1.1334936619	1.1097	2.5438	3.6391	1.4418	-1.590	2.065	-0.371	-1.358	-1.699	-1.905	0.4787	0.0000	5.7	1	-13.800	3.1727774143
	9.70	1.1336169243	1.1063	2.6271	3.6333	1.3339	-1.798	2.023	-0.512	-1.535	-1.892	-2.109	0.4787	0.0000	6.8	1	-13.778	3.1728031635
	9.70	1.1337238550	1.1023	2.7089	3.6276	1.2278	-2.002	1.986	-0.651	-1.709	-2.081	-2.309	0.4787	0.0000	8.2	1	-13.752	3.1728255749
	9.70	1.1338238716	1.0969	2.7986	3.6209	1.1093	-2.227	1.976	-0.785	-1.891	-2.283	-2.526	0.4787	0.0000	10.1	1	-13.716	3.1728465557
	9.70	1.1339111328	1.0905	2.8878	3.6147	0.9924	-2.449	1.969	-0.916	-2.070	-2.483	-2.741	0.4787	0.0000	12.3	1	-13.672	3.1728646755
	9.70	1.1339901686	1.0818	2.9828	3.6069	0.8629	-2.687	2.012	-1.035	-2.252	-2.692	-2.968	0.4787	0.0000	15.5	1	-13.611	3.1728811264
	9.70	1.1340634823	1.0702	3.0839	3.5987	0.7245	-2.940	2.060	-1.158	-2.442	-2.912	-3.209	0.4787	0.0000	19.7	1	-12.911	3.1728966236
	9.70	1.1341276169	1.0549	3.1853	3.5902	0.5827	-3.193	2.108	-1.241	-2.602	-3.119	-3.446	0.4787	0.0000	25.3	1	-11.709	3.1729099751
	9.70	1.1341880560	1.0323	3.2953	3.5800	0.4223	-3.468	2.188	-1.310	-2.763	-3.337	-3.700	0.4787	0.0000	33.6	1	-10.288	3.1729226112
	9.70	1.1342008114	1.0263	3.3167	3.5783	0.3916	-3.522	2.195	-1.329	-2.797	-3.381	-3.750	0.4787	0.0000	35.4	1	-9.998	3.1729252338
	9.70	1.1342008114	1.0264	1.7144	3.7079	2.5124	0.484	2.673	1.119	0.487	0.286	0.191	0.4787	0.0000	0.9	1	-13.123	3.1729252338
	9.70	1.1343964338	1.0266	1.7346	3.7055	2.4828	0.434	2.661	1.083	0.440	0.235	0.137	0.4787	0.0000	0.9	1	-13.126	3.1729660034
	9.70	1.1346305609	1.0269	1.7477	3.7042	2.4646	0.401	2.649	1.059	0.409	0.202	0.102	0.4787	0.0000	0.9	1	-13.128	3.1730148792
	9.70	1.1347759962	1.0270	1.7525	3.7039	2.4586	0.389	2.643	1.049	0.398	0.190	0.089	0.4787	0.0000	1.0	1	-13.130	3.1730453968
	9.70	1.1349172592	1.0272	1.7528	3.7040	2.4590	0.388	2.639	1.047	0.397	0.189	0.089	0.4787	0.0000	1.0	1	-13.132	3.1730747223
	9.70	1.1352802515	1.0276	1.7523	3.7046	2.4621	0.389	2.631	1.045	0.397	0.190	0.091	0.4787	0.0000	0.9	1	-13.136	3.1731505394
	9.70	1.1356552839	1.0280	1.7515	3.7053	2.4657	0.391	2.623	1.042	0.398	0.192	0.094	0.4787	0.0000	0.9	1	-13.140	3.1732285023
	9.70	1.1360410452	1.0284	1.7516	3.7059	2.4683	0.391	2.614	1.038	0.397	0.192	0.095	0.4787	0.0000	0.9	1	-13.144	3.1733088493
	9.70	1.1364392042	1.0289	1.7520	3.7065	2.4705	0.390	2.604	1.034	0.395	0.191	0.095	0.4787	0.0000	0.9	1	-13.149	3.1733918190
	9.70	1.1368490458	1.0294	1.7529	3.7071	2.4720	0.388	2.593	1.028	0.391	0.189	0.093	0.4787	0.0000	0.9	1	-13.153	3.1734769344
	9.70	1.1372516155	1.0298	1.7543	3.7075	2.4726	0.384	2.583	1.022	0.387	0.186	0.090	0.4787	0.0000	0.9	1	-13.158	3.1735606194
	9.70	1.1376429796	1.0302	1.7559	3.7079	2.4727	0.380	2.574	1.015	0.383	0.182	0.087	0.4787	0.0000	0.9	1	-13.162	3.1736419201
	9.70	1.1380311251	1.0307	1.7580	3.7081	2.4715	0.375	2.566	1.009	0.377	0.176	0.082	0.4787	0.0000	0.9	1	-13.167	3.1737222672
	9.70	1.1383097172	1.0310	1.7600	3.7082	2.4701	0.370	2.560	1.003	0.372	0.171	0.077	0.4787	0.0000	0.9	1	-13.170	3.1737802029
	9.70	1.1384171247	1.0311	1.7609	3.7082	2.4691	0.368	2.558	1.001	0.370	0.169	0.075	0.4787	0.0000	0.9	1	-13.171	3.1738023758
	9.70	1.1388143301	1.0316	1.7647	3.7080	2.4649	0.358	2.551	0.992	0.360	0.159	0.065	0.4787	0.0000	0.9	1	-13.175	3.1738846302
	9.70	1.1392226219	1.0320	1.7702	3.7078	2.4586	0.344	2.541	0.980	0.347	0.146	0.051	0.4787	0.0000	1.0	1	-13.180	3.1739690304
	9.70	1.1396439075	1.0325	1.7778	3.7076	2.4504	0.325	2.526	0.962	0.328	0.126	0.031	0.4787	0.0000	1.0	1	-13.185	3.1740562916
	9.70	1.1400836706	1.0330	1.7884	3.7066	2.4362	0.299	2.515	0.942	0.303	0.100	0.003	0.4787	0.0000	1.0	1	-13.190	3.1741471291
	9.70	1.1406192780	1.0336	1.8069	3.7051	2.4120	0.253	2.494	0.905	0.259	0.053	-0.045	0.4787	0.0000	1.0	1	-13.196	3.1742577553
	9.70	1.1408213377	1.0338	1.8157	3.7043	2.3998	0.231	2.486	0.888	0.238	0.031	-0.069	0.4787	0.0000	1.1	1	-13.198	3.1742994785
	9.70	1.1410888433	1.0341	1.8324	3.7027	2.3769	0.189	2.470	0.857	0.199	-0.012	-0.113	0.4787	0.0000	1.1	1	-13.201	3.1743545532
	9.70	1.1421599388	1.0353	1.9033	3.6964	2.2812	0.012	2.406	0.723	0.035	-0.187	-0.298	0.4787	0.0000	1.3	1	-13.213	3.1745750904
	9.70	1.1422199011	1.0354	1.9386	3.6939	2.2360	-0.076	2.367	0.653	-0.047	-0.274	-0.388	0.4787	0.0000	1.4	1	-13.214	3.1745874882
	9.70	1.1422661543	1.0354	1.9989	3.6887	2.1549	-0.227	2.318	0.541	-0.185	-0.421	-0.543	0.4787	0.0000	1.6	1	-13.214	3.1745970249
	9.70	1.1422803402	1.0355	2.0446	3.6845	2.0925	-0.342	2.284	0.458	-0.288	-0.533	-0.660	0.4787	0.0000	1.8	1	-13.215	3.1745998859
	9.70	1.1422914267	1.0355	2.1296	3.6771	1.9779	-0.554	2.220	0.301	-0.482	-0.740	-0.878	0.4787	0.0000	2.2	1	-13.215	3.1746022701
	9.70	1.1422967911	1.0355	2.1953	3.6722	1.8926	-0.718	2.163	0.179	-0.630	-0.898	-1.044	0.4787	0.0000	2.5	1	-13.215	3.1746032238
	9.70	1.1423025131	1.0355	2.2576	3.6670	1.8097	-0.874	2.123	0.070	-0.766	-1.045	-1.200	0.4787	0.0000	2.9	1	-13.216	3.1746044159
	9.70	1.1423130035	1.0355	2.3097	3.6633	1.7425	-1.004	2.079	-0.026	-0.882	-1.169	-1.330	0.4787	0.0000	3.3	1	-13.216	3.1746065617
	9.70	1.1423683167	1.0356	2.2396	3.6687	1.8344	-0.829	2.130	0.100	-0.728	-1.003	-1.155	0.4787	0.0000	2.8	1	-13.217	3.1746180058
	9.70	1.1424646378	1.0357	2.3009	3.6640	1.7543	-0.982	2.084	-0.011	-0.863	-1.148	-1.308	0.4787	0.0000	3.2	1	-13.218	3.1746377945
	9.70	1.1425141096	1.0357	2.3571	3.6593	1.6795	-1.123	2.051	-0.109	-0.985	-1.280	-1.448	0.4787	0.0000	3.7	1	-13.219	3.1746480465
	9.70	1.1425608397	1.0358	2.4394	3.6532	1.5729	-1.328	1.989	-0.258	-1.168	-1.475	-1.654	0.4787	0.0000	4.4	1	-13.220	3.1746575832
	9.70	1.1425977945	1.0358	2.5294	3.6468	1.4571	-1.553	1.929	-0.417	-1.364	-1.686	-1.876	0.4787	0.0000	5.4	1	-13.222	3.1746652126
	9.70	1.1426256895	1.0358	2.6002	3.6407	1.3620	-1.730	1.918	-0.525	-1.508	-1.846	-2.049	0.4787	0.0000	6.4	1	-13.224	3.1746709347
	9.70	1.1426497698	1.0359	2.6582	3.6362	1.2857	-1.876	1.901	-0.617	-1.629	-1.979	-2.190	0.4787	0.0000	7.3	1	-13.225	3.1746759415
	9.70	1.1426728964	1.0359	2.7219	3.6313	1.2026	-2.035	1.882	-0.721	-1.762	-2.125	-2.346	0.4787	0.0000	8.4	1	-13.227	3.1746807098
	9.70	1.1426934004	1.0359	2.7975	3.6252	1.1026	-2.224	1.870	-0.840	-1.918	-2.297	-2.530	0.4787	0.0000	10.0	1	-13.230	3.1746847630
	9.70	1.1427080631	1.0359	2.8680	3.6192	1.0082	-2.400	1.890	-0.930	-2.053	-2.451	-2.698	0.4787	0.0000	11.9	1	-13.232	3.1746878624
	9.70	1.1427216530	1.0359	2.9457	3.6122	0.9026	-2.594	1.939	-1.019	-2.198	-2.620	-2.884	0.4787	0.0000	14.3	1	-13.236	3.1746907234
	9.70	1.1427320242	1.0360	3.0133	3.6064	0.8115	-2.763	1.979	-1.099	-2.325	-2.767	-3.045	0.4787	0.0000	16.8	1	-13.161	3.1746928692
	9.70	1.1427426338	1.0360	3.0798	3.6002	0.7202	-2.930	2.035	-1.172	-2.447	-2.909	-3.202	0.4787	0.0000	19.7	1	-12.495	3.1746950150
	9.70	1.1427540779	1.0360	3.1454	3.5936	0.6283	-3.094	2.094	-1.208	-2.540	-3.038	-3.354	0.4787	0.0000	23.2	1	-11.826	3.1746973991
	9.70	1.1427654028	1.0360	3.2148	3.5869	0.5324	-3.267	2.146	-1.251	-2.640	-3.175	-3.513	0.4787	0.0000	27.6	1	-11.128	3.1746995449
	9.70	1.1427671909	1.0360	3.2359	3.5851	0.5037	-3.320	2.157	-1.267	-2.672	-3.217	-3.562	0.4787	0.0000	29.0	1	-10.921	3.1747000217
	9.70	1.1427673101	1.0360	2.7644	3.6217	1.1216	-2.141	2.036	-0.711	-1.811	-2.200	-2.442	0.4224	0.0000	9.7	1	-13.230	3.1747000217
	9.70	1.1428247690	0.9847	3.0035	3.6034	0.7875	-2.739	2.097	-1.033	-2.279	-2.731	-3.016	0.5534	0.5446	17.3	1	-12.310	3.1747117043
	9.70	1.1428458691	0.9238	3.1051	3.5932	0.6174	-2.993	2.211	-1.100	-2.435	-2.935	-3.252	0.6460	0.5550	23.0	1	-10.264	3.1747162342
	9.70	1.1428475380	0.9173	3.0931	3.5945	0.6315	-2.963	2.200	-1.094	-2.419	-2.912	-3.225	0.6467	0.5559	22.4	1	-10.280	3.1747164726
	9.70	1.1428517103	0.8836	3.2934	3.5742	0.3334	-3.464	2.377	-1.173	-2.672	-3.293	-3.681	0.7196	0.5579	37.9	1	-7.917	3.1747174263
	9.70	1.1428520679	0.8802	3.2952	3.5743	0.3307	-3.468	2.373	-1.183	-2.682	-3.299	-3.686	0.7210	0.5582	38.0	1	-7.873	3.1747174263
	9.70	1.1428558826	0.8481	3.4766	3.5556	0.0580	-3.922	2.155	-0.946	-2.470	-3.484	-4.064	0.7784	0.5601	147.1	0	-7.806	3.1747181416
	9.70	1.1428561211	0.8456	3.4747	3.5563	0.0616	-3.917	2.156	-0.968	-2.491	-3.490	-4.062	0.7793	0.5602	145.9	0	-7.824	3.1747181416
	9.70	1.1428593397	0.8050	3.2960	3.5740	0.2898	-3.470	2.397	-1.167	-2.671	-3.296	-3.687	0.8226	0.5621	42.2	1	-7.361	3.1747188568
	9.70	1.1428596973	0.7967	3.3016	3.5743	0.2810	-3.484	2.385	-1.193	-2.698	-3.315	-3.702	0.8238	0.5622	42.7	1	-7.312	3.1747190952
	9.70	1.1428619623	0.7362	3.4557	3.5595	0.0334	-3.869	2.197	-1.031	-2.557	-3.489	-4.028	0.8575	0.5632	153.9	0	-7.235	3.1747195721
	9.70	1.1428625584	0.7182	3.4765	3.5590	-0.0003	-3.921	2.155	-1.062	-2.589	-3.533	-4.077	0.8584	0.5636	165.7	0	-6.919	3.1747195721
	9.70	1.1428637505	0.6864	3.5655	3.5499	-0.1454	-4.144	1.945	-0.975	-2.495	-3.627	-4.265	0.8885	0.5641	228.4	0	-5.727	3.1747198105
	9.70	1.1428649426	0.6525	3.6417	3.5514	-0.2375	-4.334	1.735	-1.226	-2.745	-3.845	-4.465	0.8903	0.5648	279.5	0	-4.911	3.1747200489
	9.70	1.1428650618	0.6525	3.7999	4.0284	1.5123	-4.730	-3.833	-4.420	-4.155	-3.923	-3.767	0.2398	0.6203	4.6	1	-12.670	3.1747200489
